gmix	NTG1	NTG3	NTG5	NTG7	NTG9	NTG11	model
0.01	1.10371	0.288731	0.163634	0.113933	0.0873393	0.0707949	1.25e-09
0.02	1.10375	0.288745	0.163642	0.113939	0.0873439	0.0707987	2e-08
0.03	1.10382	0.288768	0.163656	0.113949	0.0873515	0.0708049	1.0125e-07
0.04	1.10391	0.2888	0.163675	0.113963	0.0873622	0.0708136	3.2e-07
0.05	1.10403	0.288841	0.163699	0.11398	0.0873759	0.0708248	7.8125e-07
0.06	1.10418	0.288891	0.16373	0.114002	0.0873927	0.0708386	1.62e-06
0.07	1.10436	0.28895	0.163765	0.114027	0.0874125	0.0708549	3.00125e-06
0.08	1.10457	0.289019	0.163807	0.114057	0.0874355	0.0708737	5.12e-06
0.09	1.1048	0.289097	0.163853	0.11409	0.0874616	0.070895	8.20125e-06
0.1	1.10506	0.289184	0.163906	0.114128	0.0874908	0.0709189	1.25e-05
0.11	1.10534	0.289281	0.163964	0.114169	0.0875231	0.0709454	1.83012e-05
0.12	1.10566	0.289386	0.164028	0.114215	0.0875587	0.0709745	2.592e-05
0.13	1.106	0.289502	0.164097	0.114265	0.0875974	0.0710063	3.57012e-05
0.14	1.10637	0.289626	0.164172	0.114319	0.0876394	0.0710407	4.802e-05
0.15	1.10677	0.289761	0.164253	0.114377	0.0876846	0.0710778	6.32812e-05
0.16	1.10719	0.289904	0.16434	0.114439	0.0877332	0.0711175	8.192e-05
0.17	1.10765	0.290058	0.164433	0.114505	0.087785	0.0711601	0.000104401
0.18	1.10813	0.290221	0.164531	0.114576	0.0878403	0.0712054	0.00013122
0.19	1.10864	0.290394	0.164636	0.114651	0.0878989	0.0712535	0.000162901
0.2	1.10918	0.290577	0.164747	0.114731	0.087961	0.0713045	0.0002
0.21	1.10975	0.29077	0.164864	0.114815	0.0880267	0.0713584	0.000243101
0.22	1.11034	0.290973	0.164987	0.114903	0.0880959	0.0714152	0.000292819
0.23	1.11097	0.291186	0.165116	0.114996	0.0881687	0.0714751	0.000349801
0.24	1.11162	0.29141	0.165252	0.115094	0.0882451	0.0715379	0.000414719
0.25	1.1123	0.291644	0.165394	0.115197	0.0883253	0.0716039	0.00048828
0.26	1.11302	0.291888	0.165543	0.115304	0.0884093	0.071673	0.000571218
0.27	1.11376	0.292143	0.165698	0.115416	0.0884972	0.0717453	0.000664299
0.28	1.11453	0.292409	0.16586	0.115533	0.088589	0.0718209	0.000768316
0.29	1.11533	0.292685	0.166029	0.115655	0.0886849	0.0718999	0.000884097
0.3	1.11616	0.292973	0.166205	0.115782	0.0887848	0.0719823	0.00101249
0.31	1.11702	0.293272	0.166388	0.115915	0.0888889	0.0720681	0.00115439
0.32	1.11791	0.293582	0.166578	0.116053	0.0889972	0.0721575	0.00131071
0.33	1.11884	0.293904	0.166776	0.116196	0.0891099	0.0722506	0.00148239
0.34	1.11979	0.294237	0.166981	0.116345	0.0892271	0.0723474	0.0016704
0.35	1.12077	0.294582	0.167193	0.116499	0.0893488	0.0724481	0.00187576
0.36	1.12179	0.294939	0.167413	0.116659	0.0894753	0.0725526	0.00209949
0.37	1.12284	0.295309	0.167642	0.116826	0.0896064	0.0726612	0.00234267
0.38	1.12392	0.29569	0.167878	0.116998	0.0897425	0.072774	0.00260638
0.39	1.12503	0.296085	0.168122	0.117176	0.0898837	0.072891	0.00289175
0.4	1.12617	0.296492	0.168375	0.117361	0.0900299	0.0730123	0.00319994
0.41	1.12735	0.296912	0.168636	0.117553	0.0901815	0.0731382	0.00353213
0.42	1.12856	0.297345	0.168907	0.117751	0.0903385	0.0732687	0.00388953
0.43	1.1298	0.297792	0.169186	0.117955	0.0905012	0.073404	0.00427339
0.44	1.13108	0.298253	0.169474	0.118167	0.0906696	0.0735441	0.00468499
0.45	1.13239	0.298727	0.169772	0.118386	0.0908439	0.0736894	0.00512562
0.46	1.13374	0.299216	0.170079	0.118613	0.0910243	0.0738398	0.00559663
0.47	1.13512	0.29972	0.170396	0.118847	0.091211	0.0739957	0.00609938
0.48	1.13654	0.300238	0.170723	0.119089	0.0914043	0.0741571	0.00663526
0.49	1.13799	0.300772	0.171061	0.119339	0.0916042	0.0743244	0.00720569
0.5	1.13947	0.301321	0.171409	0.119598	0.091811	0.0744976	0.00781213
0.51	1.141	0.301886	0.171769	0.119865	0.092025	0.0746769	0.00845607
0.52	1.14256	0.302467	0.172139	0.12014	0.0922464	0.0748627	0.00913902
0.53	1.14416	0.303064	0.172521	0.120425	0.0924754	0.0750552	0.00986252
0.54	1.14579	0.303679	0.172915	0.12072	0.0927124	0.0752545	0.0106281
0.55	1.14746	0.30431	0.173321	0.121024	0.0929576	0.075461	0.0114375
0.56	1.14918	0.30496	0.173739	0.121338	0.0932112	0.0756749	0.0122922
0.57	1.15093	0.305627	0.174171	0.121662	0.0934737	0.0758966	0.013194
0.58	1.15272	0.306313	0.174615	0.121998	0.0937453	0.0761263	0.0141444
0.59	1.15455	0.307018	0.175074	0.122344	0.0940264	0.0763643	0.0151453
0.6	1.15642	0.307742	0.175547	0.122702	0.0943174	0.0766111	0.0161984
0.61	1.15833	0.308486	0.176034	0.123071	0.0946186	0.0768671	0.0173055
0.62	1.16028	0.309251	0.176536	0.123454	0.0949305	0.0771325	0.0184684
0.63	1.16228	0.310037	0.177054	0.123849	0.0952536	0.0774078	0.0196889
0.64	1.16432	0.310844	0.177588	0.124257	0.0955882	0.0776934	0.0209689
0.65	1.1664	0.311673	0.178139	0.124679	0.0959349	0.0779899	0.0223103
0.66	1.16852	0.312525	0.178706	0.125116	0.0962942	0.0782978	0.023715
0.67	1.17069	0.3134	0.179292	0.125567	0.0966666	0.0786175	0.0251851
0.68	1.17291	0.314299	0.179896	0.126034	0.0970528	0.0789496	0.0267224
0.69	1.17517	0.315222	0.180519	0.126517	0.0974534	0.0792948	0.0283291
0.7	1.17747	0.316171	0.181162	0.127017	0.0978689	0.0796537	0.0300071
0.71	1.17983	0.317146	0.181825	0.127535	0.0983002	0.0800269	0.0317585
0.72	1.18223	0.318148	0.18251	0.128071	0.098748	0.0804153	0.0335856
0.73	1.18468	0.319177	0.183216	0.128626	0.099213	0.0808197	0.0354902
0.74	1.18718	0.320235	0.183946	0.129202	0.0997328	0.0812767	0.0374748
0.75	1.18973	0.321322	0.184699	0.129798	0.100202	0.0817201	0.0395414
0.76	1.19234	0.322439	0.185477	0.130459	0.100764	0.0821814	0.0416923
0.77	1.19499	0.323587	0.186281	0.131061	0.101313	0.0826626	0.0439297
0.78	1.19769	0.324767	0.187111	0.131773	0.101882	0.083165	0.046256
0.79	1.20045	0.325981	0.188023	0.132468	0.102476	0.0836898	0.0486734
0.8	1.20327	0.327228	0.188916	0.13319	0.103094	0.0842384	0.0511843
0.81	1.20614	0.328511	0.189838	0.133939	0.103739	0.0848122	0.053791
0.82	1.20906	0.32983	0.190793	0.134717	0.104411	0.0854128	0.0564961
0.83	1.21205	0.331187	0.19178	0.135527	0.105114	0.0860417	0.0593018
0.84	1.21509	0.332652	0.192802	0.136369	0.105847	0.0867009	0.0622107
0.85	1.21819	0.334094	0.193861	0.137245	0.106613	0.0873923	0.0652253
0.86	1.22135	0.335577	0.194957	0.138157	0.107414	0.088118	0.068348
0.87	1.22457	0.337104	0.196093	0.139108	0.108253	0.0888802	0.0715815
0.88	1.22786	0.338675	0.197271	0.140098	0.109131	0.0896815	0.0749282
0.89	1.2312	0.340293	0.198492	0.141131	0.11005	0.0905245	0.0783909
0.9	1.23462	0.341959	0.199758	0.142208	0.111014	0.0914122	0.0819722
0.91	1.23809	0.343675	0.201073	0.143333	0.112026	0.0923476	0.0856747
0.92	1.24164	0.345443	0.202437	0.144508	0.113088	0.0933344	0.0895011
0.93	1.24525	0.347264	0.203854	0.145736	0.114204	0.0944561	0.0934541
0.94	1.24894	0.349141	0.205326	0.147019	0.115377	0.095571	0.0975365
0.95	1.25269	0.351077	0.206855	0.148363	0.116701	0.0967459	0.101751
0.96	1.25652	0.353072	0.208446	0.149769	0.118016	0.0979899	0.106101
0.97	1.26042	0.35513	0.2101	0.151242	0.119397	0.0993086	0.110588
0.98	1.2644	0.357253	0.211822	0.152888	0.120855	0.100708	0.115216
0.99	1.26845	0.359443	0.213615	0.154522	0.122393	0.102194	0.119988
1	1.27258	0.361703	0.215482	0.156233	0.12402	0.103774	0.124906
1.01	1.27679	0.364036	0.217428	0.158031	0.12574	0.105454	0.129974
1.02	1.28108	0.366445	0.219456	0.15992	0.127561	0.107245	0.135194
1.03	1.28546	0.368933	0.221571	0.161907	0.129489	0.10927	0.14057
1.04	1.28992	0.371503	0.223914	0.163999	0.131534	0.111328	0.146104
1.05	1.29446	0.374158	0.226236	0.166202	0.133703	0.113518	0.1518
1.06	1.2991	0.376903	0.228656	0.168523	0.136139	0.115858	0.15766
1.07	1.30382	0.37974	0.231186	0.17097	0.138609	0.118359	0.163689
1.08	1.30881	0.382675	0.233831	0.173552	0.141226	0.121034	0.169888
1.09	1.31373	0.38571	0.236597	0.176277	0.144009	0.123897	0.176261
1.1	1.31856	0.38885	0.239493	0.179309	0.14697	0.12711	0.182812
1.11	1.32386	0.3921	0.242524	0.182374	0.150123	0.130419	0.189543
1.12	1.32908	0.395622	0.245699	0.185605	0.153479	0.13395	0.196458
1.13	1.33439	0.398959	0.249025	0.189023	0.157052	0.13773	0.203561
1.14	1.33981	0.402556	0.252512	0.192637	0.161033	0.141773	0.210853
1.15	1.34534	0.406489	0.256167	0.196462	0.165114	0.146096	0.21834
1.16	1.35098	0.410383	0.260179	0.200508	0.169448	0.150887	0.226023
1.17	1.35673	0.414413	0.264224	0.20479	0.174058	0.155843	0.233908
1.18	1.3626	0.418593	0.268462	0.209506	0.178962	0.161116	0.241996
1.19	1.36858	0.422928	0.272911	0.214326	0.184173	0.166729	0.250292
1.2	1.37468	0.427425	0.277582	0.219415	0.189896	0.172696	0.258798
1.21	1.3809	0.432091	0.282485	0.224795	0.195791	0.179029	0.267519
1.22	1.38725	0.436934	0.287634	0.230482	0.202027	0.185922	0.276458
1.23	1.39373	0.44196	0.293039	0.236489	0.208625	0.193037	0.285619
1.24	1.40034	0.447179	0.298714	0.242829	0.215598	0.200538	0.295005
1.25	1.40708	0.452598	0.304671	0.249516	0.222955	0.20844	0.304619
1.26	1.41396	0.458226	0.311143	0.256777	0.230708	0.21675	0.314466
1.27	1.42098	0.464072	0.317494	0.264216	0.238863	0.225472	0.324549
1.28	1.42814	0.470144	0.324613	0.272027	0.247635	0.234609	0.334871
1.29	1.43545	0.476453	0.331851	0.280232	0.256629	0.244163	0.345438
1.3	1.44291	0.483007	0.339425	0.288839	0.266034	0.254137	0.356251
1.31	1.45052	0.49009	0.347356	0.297856	0.275863	0.26453	0.367315
1.32	1.45829	0.49719	0.355657	0.30729	0.286118	0.275343	0.378635
1.33	1.46623	0.504559	0.364339	0.317148	0.2968	0.286574	0.390212
1.34	1.47432	0.512216	0.37341	0.327434	0.307912	0.298224	0.402053
1.35	1.48259	0.520173	0.382883	0.338153	0.319452	0.310291	0.414159
1.36	1.49103	0.528438	0.393017	0.349307	0.331421	0.322772	0.426536
1.37	1.49965	0.537023	0.403072	0.3609	0.343818	0.335666	0.439187
1.38	1.50844	0.545938	0.414062	0.372933	0.356641	0.348971	0.452116
1.39	1.51743	0.555194	0.425236	0.385652	0.369889	0.362685	0.465327
1.4	1.5266	0.564802	0.436839	0.398326	0.38356	0.376804	0.478824
1.41	1.53597	0.574772	0.448886	0.411669	0.397652	0.391326	0.492612
1.42	1.54554	0.585115	0.461381	0.425726	0.412162	0.40625	0.506693
1.43	1.55532	0.595842	0.474328	0.439707	0.427089	0.421571	0.521073
1.44	1.5653	0.606961	0.487729	0.454634	0.44243	0.43729	0.535755
1.45	1.5755	0.618822	0.501586	0.469483	0.458183	0.453401	0.550743
1.46	1.58591	0.630427	0.515902	0.485286	0.474345	0.469905	0.566042
1.47	1.59656	0.643138	0.530676	0.501265	0.490914	0.486798	0.581656
1.48	1.60743	0.655945	0.54591	0.517396	0.507888	0.504078	0.597589
1.49	1.61854	0.669179	0.561604	0.534496	0.525264	0.521744	0.613845
1.5	1.62989	0.682861	0.577757	0.551486	0.543041	0.539794	0.630428
1.51	1.64149	0.696997	0.594369	0.569438	0.561217	0.558226	0.647343
1.52	1.65334	0.711594	0.611439	0.587546	0.57979	0.577039	0.664593
1.53	1.66545	0.726657	0.628966	0.606067	0.598758	0.596233	0.682184
1.54	1.67829	0.742192	0.646949	0.624733	0.61812	0.615806	0.70012
1.55	1.69098	0.758203	0.665387	0.644362	0.637875	0.635757	0.718404
1.56	1.70344	0.774696	0.684278	0.663868	0.658021	0.656086	0.737042
1.57	1.71715	0.791675	0.703621	0.684049	0.678559	0.676793	0.756037
1.58	1.73069	0.809143	0.723415	0.704653	0.699487	0.697877	0.775394
1.59	1.74452	0.827103	0.743658	0.725668	0.720805	0.719339	0.795118
1.6	1.75866	0.845558	0.764349	0.747092	0.742513	0.741179	0.815213
1.61	1.77311	0.86451	0.785486	0.768927	0.764611	0.763397	0.835683
1.62	1.78788	0.883962	0.807069	0.791169	0.787099	0.785994	0.856533
1.63	1.80298	0.903916	0.829096	0.813821	0.809977	0.808972	0.877767
1.64	1.81841	0.924372	0.851567	0.836881	0.833247	0.832332	0.89939
1.65	1.83419	0.945331	0.874481	0.86035	0.856649	0.856074	0.921407
1.66	1.85031	0.966796	0.897837	0.884228	0.880962	0.8802	0.943822
1.67	1.8668	0.988766	0.921635	0.908515	0.905158	0.904713	0.966639
1.68	1.88365	1.01124	0.945875	0.933214	0.929999	0.929614	0.989864
1.69	1.90088	1.03463	0.970556	0.958323	0.955246	0.954906	1.0135
1.7	1.91849	1.05812	0.995679	0.983846	0.980892	0.98059	1.03755
1.71	1.93649	1.08169	1.02124	1.00978	1.00694	1.00667	1.06203
1.72	1.95488	1.10618	1.04725	1.03614	1.03339	1.03315	1.08693
1.73	1.97369	1.13119	1.0737	1.06291	1.06025	1.06003	1.11226
1.74	1.99291	1.15671	1.1006	1.0901	1.08752	1.08731	1.13802
1.75	2.01255	1.18318	1.12794	1.11771	1.1152	1.115	1.16423
1.76	2.03263	1.20927	1.15573	1.14575	1.14329	1.1431	1.19088
1.77	2.05314	1.2363	1.18396	1.17421	1.1718	1.17162	1.21798
1.78	2.07411	1.26385	1.21265	1.2031	1.20074	1.2003	1.24554
1.79	2.09553	1.29191	1.24178	1.23243	1.2301	1.2299	1.27355
1.8	2.11742	1.32094	1.27138	1.26219	1.25989	1.25969	1.30203
1.81	2.13978	1.35002	1.30142	1.2924	1.29011	1.2899	1.33097
1.82	2.16262	1.37914	1.33193	1.32304	1.32077	1.3203	1.3604
1.83	2.18596	1.40923	1.3629	1.35413	1.35187	1.35138	1.39029
1.84	2.20979	1.43984	1.39433	1.38568	1.38342	1.38316	1.42068
1.85	2.23413	1.47097	1.42623	1.41767	1.41541	1.41488	1.45155
1.86	2.25976	1.50261	1.4586	1.45013	1.44786	1.44731	1.48291
1.87	2.2852	1.53526	1.49144	1.48305	1.48077	1.48045	1.51477
1.88	2.31115	1.56746	1.52476	1.51643	1.51414	1.51354	1.54714
1.89	2.33763	1.60114	1.55856	1.55028	1.54798	1.54761	1.58001
1.9	2.36467	1.63438	1.59285	1.58462	1.58229	1.5819	1.61339
1.91	2.39226	1.6691	1.62762	1.61943	1.61708	1.6164	1.6473
1.92	2.42041	1.70339	1.66289	1.65472	1.65236	1.6519	1.68172
1.93	2.44914	1.73867	1.69865	1.69051	1.68812	1.68738	1.71668
1.94	2.47845	1.77501	1.73492	1.72679	1.72437	1.72386	1.75217
1.95	2.50835	1.81088	1.77168	1.76357	1.76112	1.76032	1.78819
1.96	2.53884	1.84776	1.80896	1.80085	1.79837	1.79781	1.82476
1.97	2.56994	1.8852	1.84676	1.83864	1.83614	1.83555	1.86187
1.98	2.60164	1.92318	1.88507	1.87695	1.87441	1.87353	1.89954
1.99	2.63396	1.96171	1.9239	1.91578	1.91321	1.91257	1.93777
2	2.6669	2.00079	1.96327	1.95513	1.95253	1.95186	1.97656
2.01	2.70047	2.04043	2.00316	1.99502	1.99239	1.99169	2.01592
2.02	2.73468	2.08061	2.0436	2.03544	2.03277	2.03205	2.05585
2.03	2.76953	2.12136	2.08458	2.0764	2.0737	2.07296	2.09636
2.04	2.80503	2.16268	2.12611	2.11791	2.11518	2.11441	2.13745
2.05	2.84119	2.20456	2.16819	2.15997	2.15721	2.15641	2.17913
2.06	2.878	2.24701	2.21083	2.20259	2.1998	2.19898	2.22141
2.07	2.91548	2.29004	2.25403	2.24577	2.24295	2.24211	2.26428
2.08	2.95363	2.33421	2.2978	2.28952	2.28667	2.28581	2.30776
2.09	2.99246	2.37787	2.34215	2.33384	2.33097	2.33008	2.35185
2.1	3.03197	2.4232	2.38708	2.37875	2.37585	2.37494	2.39655
2.11	3.07217	2.46803	2.43259	2.42424	2.42131	2.42039	2.44187
2.12	3.11307	2.51457	2.4787	2.47032	2.46737	2.46642	2.48782
2.13	3.15466	2.56116	2.5254	2.517	2.51402	2.51306	2.53439
2.14	3.19695	2.60778	2.5727	2.56429	2.56128	2.56031	2.5816
2.15	3.23995	2.65615	2.62061	2.61218	2.60915	2.60816	2.62945
2.16	3.28366	2.70401	2.66914	2.66068	2.65763	2.65663	2.67795
2.17	3.32809	2.75363	2.71828	2.70981	2.70674	2.70572	2.7271
2.18	3.37324	2.80272	2.76805	2.75956	2.75647	2.75544	2.7769
2.19	3.41911	2.85301	2.81845	2.80994	2.80684	2.80579	2.82736
2.2	3.46571	2.90395	2.86948	2.86096	2.85816	2.85679	2.87849
2.21	3.51304	2.95615	2.92115	2.91262	2.90949	2.90842	2.93028
2.22	3.56112	3.00779	2.97347	2.96493	2.96178	2.96071	2.98276
2.23	3.61095	3.06066	3.02644	3.01789	3.01473	3.01365	3.03592
2.24	3.65954	3.11483	3.08007	3.07151	3.06834	3.06726	3.08976
2.25	3.7098	3.16844	3.13436	3.1258	3.12262	3.12153	3.14429
2.26	3.76085	3.22393	3.18933	3.18076	3.17757	3.17648	3.19953
2.27	3.81266	3.2795	3.24496	3.23639	3.2332	3.2321	3.25546
2.28	3.86634	3.3351	3.30128	3.29271	3.28985	3.28841	3.3121
2.29	3.91864	3.392	3.35828	3.34971	3.34651	3.34541	3.36945
2.3	3.97382	3.45026	3.41597	3.40741	3.40455	3.4031	3.42752
2.31	4.02762	3.50858	3.47436	3.4658	3.4626	3.4615	3.48632
2.32	4.08321	3.56694	3.53346	3.5249	3.5217	3.5206	3.54584
2.33	4.14081	3.6273	3.59326	3.58471	3.58151	3.58041	3.6061
2.34	4.1969	3.68774	3.65377	3.64524	3.64239	3.64094	3.66709
2.35	4.25604	3.74889	3.715	3.70648	3.70365	3.70219	3.72883
2.36	4.31368	3.81076	3.77696	3.76845	3.76527	3.76417	3.79131
2.37	4.37442	3.87335	3.83965	3.83116	3.82797	3.82689	3.85455
2.38	4.43484	3.936	3.90307	3.8946	3.89142	3.89034	3.91855
2.39	4.49602	4.00074	3.96723	3.95878	3.95598	3.95454	3.98331
2.4	4.55675	4.06556	4.03214	4.02371	4.02093	4.01949	4.04884
2.41	4.62075	4.13112	4.0978	4.0894	4.08625	4.0852	4.11515
2.42	4.68438	4.19744	4.16422	4.15584	4.15308	4.15166	4.18223
2.43	4.7475	4.26451	4.2314	4.22305	4.2203	4.21889	4.2501
2.44	4.81397	4.33235	4.29934	4.29102	4.28792	4.28689	4.31876
2.45	4.88005	4.40097	4.36806	4.35978	4.35706	4.35567	4.38821
2.46	4.94692	4.47035	4.43756	4.42931	4.42662	4.42523	4.45847
2.47	5.01461	4.54052	4.50785	4.49962	4.49695	4.49558	4.52952
2.48	5.08314	4.61148	4.57892	4.57073	4.56769	4.56672	4.60139
2.49	5.15249	4.68322	4.65078	4.64263	4.64	4.63865	4.67407
2.5	5.22269	4.75502	4.72345	4.71534	4.71273	4.71139	4.74758
2.51	5.29372	4.82909	4.79692	4.78885	4.78627	4.78494	4.8219
2.52	5.3656	4.90326	4.8712	4.86317	4.86061	4.8593	4.89706
2.53	5.43833	4.97822	4.94629	4.93831	4.93578	4.93448	4.97305
2.54	5.51191	5.05401	5.02221	5.01427	5.01135	5.01048	5.04988
2.55	5.58634	5.13061	5.09895	5.09106	5.08857	5.08731	5.12756
2.56	5.66164	5.20804	5.17652	5.16868	5.16622	5.16497	5.20609
2.57	5.7378	5.28631	5.25492	5.24713	5.24471	5.24347	5.28547
2.58	5.81482	5.36541	5.33417	5.32643	5.32403	5.32281	5.36571
2.59	5.89272	5.44536	5.41426	5.40657	5.40421	5.40301	5.44682
2.6	5.97149	5.52615	5.4952	5.48757	5.48524	5.48405	5.52879
2.61	6.05114	5.6078	5.577	5.56942	5.56712	5.56596	5.61164
2.62	6.13167	5.69031	5.65966	5.65214	5.64987	5.64872	5.69537
2.63	6.21309	5.77367	5.74319	5.73572	5.73348	5.73236	5.77999
2.64	6.29539	5.85791	5.82758	5.82017	5.81797	5.81687	5.86549
2.65	6.37859	5.94302	5.91285	5.90551	5.90334	5.90225	5.95189
2.66	6.46269	6.02901	5.999	5.99172	5.98959	5.98852	6.03918
2.67	6.54769	6.11588	6.08604	6.07882	6.07672	6.07568	6.12738
2.68	6.6336	6.20364	6.17397	6.16681	6.16475	6.16373	6.21649
2.69	6.72041	6.29229	6.26279	6.25569	6.25367	6.25267	6.30651
2.7	6.80814	6.38184	6.35251	6.34548	6.34304	6.34252	6.39745
2.71	6.89679	6.47229	6.44314	6.43617	6.43422	6.43328	6.48931
2.72	6.98635	6.56365	6.53467	6.52778	6.52587	6.52494	6.5821
2.73	7.07684	6.65591	6.62712	6.62029	6.61843	6.61752	6.67582
2.74	7.16826	6.7491	6.72049	6.71373	6.71191	6.71103	6.77047
2.75	7.26062	6.84321	6.81478	6.80809	6.80631	6.80546	6.86607
2.76	7.3539	6.93824	6.91	6.90338	6.90164	6.90081	6.96261
2.77	7.44813	7.0342	7.00615	6.99961	6.99791	6.99711	7.0601
2.78	7.54331	7.1311	7.10324	7.09677	7.09512	7.09434	7.15855
2.79	7.63943	7.22894	7.20127	7.19488	7.19327	7.19252	7.25796
2.8	7.73651	7.32772	7.30025	7.29393	7.29237	7.29164	7.35833
2.81	7.83454	7.42746	7.40018	7.39394	7.39194	7.39172	7.45967
2.82	7.93353	7.52814	7.50107	7.4949	7.49342	7.49276	7.56198
2.83	8.03349	7.62979	7.60291	7.59683	7.59539	7.59476	7.66527
2.84	8.13442	7.73239	7.70572	7.69972	7.69833	7.69772	7.76954
2.85	8.23631	7.83597	7.8095	7.80358	7.80224	7.80166	7.8748
2.86	8.33918	7.94051	7.91425	7.90841	7.90712	7.90657	7.98105
2.87	8.44304	8.04603	8.01998	8.01422	8.01298	8.01246	8.08829
2.88	8.54787	8.15253	8.12669	8.12102	8.11983	8.11934	8.19653
2.89	8.6537	8.26002	8.23439	8.2288	8.22716	8.2272	8.30578
2.9	8.76051	8.36849	8.34308	8.33758	8.33648	8.33606	8.41603
2.91	8.86832	8.47796	8.45277	8.44735	8.4458	8.44591	8.5273
2.92	8.97713	8.58842	8.56345	8.55813	8.55713	8.55677	8.63958
2.93	9.08695	8.69989	8.67514	8.6699	8.66896	8.66863	8.75289
2.94	9.19777	8.81236	8.78784	8.78269	8.7818	8.7815	8.86721
2.95	9.3096	8.92585	8.90155	8.89649	8.89565	8.89539	8.98257
2.96	9.42244	9.04035	9.01627	9.0113	9.01	9.01029	9.09896
2.97	9.5363	9.15586	9.13202	9.12714	9.12589	9.12622	9.21638
2.98	9.65119	9.2724	9.24879	9.24401	9.24333	9.24317	9.33485
2.99	9.7671	9.38997	9.36659	9.3619	9.36128	9.36116	9.45436
3	9.88403	9.50856	9.48542	9.48083	9.47974	9.48018	9.57492
3.01	10.002	9.6282	9.60529	9.60079	9.59975	9.60024	9.69654
3.02	10.121	9.74887	9.7262	9.7218	9.72081	9.72134	9.81921
3.03	10.2411	9.87058	9.84816	9.84385	9.84292	9.84348	9.94294
3.04	10.3622	9.99233	9.97116	9.96696	9.96608	9.96668	10.0677
3.05	10.4843	10.1171	10.0952	10.0911	10.0903	10.0909	10.1936
3.06	10.6075	10.242	10.2203	10.2163	10.2161	10.2162	10.3205
3.07	10.7317	10.3679	10.3465	10.3426	10.3419	10.3426	10.4486
3.08	10.857	10.4949	10.4737	10.4699	10.4693	10.4701	10.5777
3.09	10.9834	10.623	10.602	10.5984	10.5978	10.5986	10.7078
3.1	11.1108	10.7521	10.7314	10.7278	10.7273	10.7282	10.8391
3.11	11.2393	10.8823	10.8619	10.8584	10.8579	10.8588	10.9715
3.12	11.3689	11.0136	10.9934	10.99	10.9896	10.9906	11.1049
3.13	11.4996	11.1459	11.126	11.1228	11.1224	11.1234	11.2395
3.14	11.6313	11.2794	11.2597	11.2566	11.2563	11.2573	11.3751
3.15	11.7641	11.4139	11.3945	11.3915	11.3912	11.3923	11.5119
3.16	11.898	11.5495	11.5304	11.5275	11.5273	11.5284	11.6497
3.17	12.033	11.6852	11.6674	11.6646	11.6645	11.6656	11.7887
3.18	12.1691	11.824	11.8055	11.8028	11.8027	11.8039	11.9288
3.19	12.3062	11.963	11.9447	11.9421	11.9421	11.9434	12.07
3.2	12.4445	12.103	12.085	12.0825	12.0826	12.0839	12.2124
3.21	12.5839	12.2441	12.2264	12.224	12.2242	12.2255	12.3558
3.22	12.7244	12.3853	12.3689	12.3667	12.3669	12.3683	12.5004
3.23	12.8659	12.5297	12.5126	12.5104	12.5107	12.5116	12.6461
3.24	13.0086	12.6742	12.6573	12.6553	12.6557	12.6572	12.793
3.25	13.1525	12.8198	12.8032	12.8013	12.8017	12.8027	12.941
3.26	13.2974	12.9655	12.9502	12.9485	12.949	12.95	13.0901
3.27	13.4435	13.1144	13.0984	13.0967	13.0973	13.0984	13.2404
3.28	13.5906	13.2634	13.2477	13.2461	13.2468	13.2479	13.3918
3.29	13.7389	13.4124	13.3981	13.3967	13.3974	13.3985	13.5444
3.3	13.8884	13.5648	13.5497	13.5484	13.5491	13.5504	13.6982
3.31	14.0389	13.7161	13.7024	13.7012	13.7021	13.7033	13.8531
3.32	14.1906	13.8696	13.8562	13.8552	13.8561	13.8574	14.0091
3.33	14.3435	14.0255	14.0112	14.0103	14.0113	14.0127	14.1664
3.34	14.4975	14.1802	14.1674	14.1666	14.1677	14.1691	14.3247
3.35	14.6526	14.3372	14.3247	14.324	14.3252	14.3266	14.4843
3.36	14.8089	14.4953	14.4832	14.4826	14.4839	14.4854	14.645
3.37	14.9663	14.6547	14.6428	14.6424	14.6437	14.6453	14.8069
3.38	15.1249	14.8151	14.8036	14.8033	14.8047	14.8063	14.97
3.39	15.2846	14.9768	14.9656	14.9654	14.9669	14.9686	15.1343
3.4	15.4455	15.1396	15.1287	15.1287	15.1302	15.132	15.2997
3.41	15.6076	15.3036	15.293	15.2931	15.2947	15.2965	15.4663
3.42	15.7708	15.4688	15.4585	15.4588	15.4604	15.4623	15.6342
3.43	15.9352	15.6351	15.6252	15.6255	15.6273	15.6292	15.8032
3.44	16.1007	15.8026	15.793	15.7935	15.7954	15.7973	15.9734
3.45	16.2675	15.9713	15.962	15.9627	15.9646	15.9666	16.1448
3.46	16.4354	16.1412	16.1322	16.133	16.135	16.1371	16.3174
3.47	16.6044	16.3123	16.3036	16.3046	16.3067	16.3088	16.4912
3.48	16.7747	16.4845	16.4762	16.4773	16.4795	16.4817	16.6662
3.49	16.9461	16.658	16.65	16.6512	16.6535	16.6557	16.8424
3.5	17.1187	16.8326	16.825	16.8263	16.8287	16.831	17.0198
3.51	17.2901	17.0084	17.0012	17.0026	17.0051	17.0074	17.1984
3.52	17.4674	17.1855	17.1785	17.1802	17.1827	17.1851	17.3782
3.53	17.6437	17.3637	17.3571	17.3589	17.3615	17.3639	17.5593
3.54	17.821	17.5431	17.5369	17.5388	17.5415	17.544	17.7415
3.55	17.9996	17.7238	17.7179	17.7199	17.7227	17.7253	17.925
3.56	18.1769	17.9056	17.9001	17.9023	17.9051	17.9078	18.1097
3.57	18.3603	18.0887	18.0835	18.0858	18.0887	18.0915	18.2957
3.58	18.5425	18.273	18.2681	18.2706	18.2736	18.2764	18.4828
3.59	18.7258	18.4584	18.4539	18.4565	18.4596	18.4625	18.6712
3.6	18.9104	18.6451	18.6409	18.6437	18.6469	18.6498	18.8608
3.61	19.0961	18.833	18.8292	18.8321	18.8354	18.8384	19.0517
3.62	19.2806	19.0222	19.0187	19.0217	19.0251	19.0281	19.2437
3.63	19.4687	19.2125	19.2094	19.2126	19.216	19.2191	19.437
3.64	19.6581	19.4041	19.4013	19.4046	19.4082	19.4114	19.6316
3.65	19.8512	19.5969	19.5944	19.5979	19.6016	19.6048	19.8274
3.66	20.0431	19.7909	19.7888	19.7924	19.7962	19.7995	20.0244
3.67	20.2361	19.9861	19.9831	19.9882	19.992	19.9954	20.2227
3.68	20.4304	20.1826	20.1812	20.1852	20.189	20.1925	20.4222
3.69	20.6233	20.3803	20.378	20.3834	20.3873	20.3908	20.6229
3.7	20.8225	20.5792	20.5772	20.5828	20.5869	20.5904	20.8249
3.71	21.0179	20.7793	20.7778	20.7834	20.7876	20.7912	21.0282
3.72	21.2169	20.9807	20.9795	20.9853	20.9896	20.9933	21.2327
3.73	21.4173	21.1834	21.1825	21.1885	21.1928	21.1966	21.4385
3.74	21.6215	21.3872	21.3867	21.3928	21.3973	21.4011	21.6455
3.75	21.8244	21.5923	21.5921	21.5984	21.603	21.6069	21.8537
3.76	22.0284	21.7987	21.7988	21.8053	21.8099	21.8139	22.0632
3.77	22.2311	22.0062	22.0068	22.0133	22.018	22.0221	22.274
3.78	22.4401	22.215	22.2159	22.2227	22.2274	22.2316	22.4861
3.79	22.6453	22.4251	22.4263	22.4319	22.4381	22.4423	22.6994
3.8	22.8542	22.6364	22.638	22.6437	22.65	22.6542	22.9139
3.81	23.0644	22.8489	22.8508	22.8567	22.8631	22.8674	23.1297
3.82	23.2758	23.0627	23.065	23.071	23.0775	23.0818	23.3468
3.83	23.4885	23.2777	23.2803	23.2865	23.2918	23.2975	23.5652
3.84	23.7024	23.494	23.497	23.5033	23.5086	23.5144	23.7848
3.85	23.9175	23.7115	23.7148	23.7213	23.7267	23.7326	24.0057
3.86	24.1339	23.9302	23.9339	23.9405	23.946	23.952	24.2278
3.87	24.3515	24.1502	24.1543	24.161	24.1666	24.1713	24.4513
3.88	24.5704	24.3715	24.3759	24.3827	24.3884	24.3932	24.676
3.89	24.7905	24.594	24.5987	24.6057	24.6115	24.6163	24.9019
3.9	25.0119	24.8177	24.8228	24.8299	24.8358	24.8407	25.1292
3.91	25.2345	25.0427	25.0481	25.0554	25.0613	25.0663	25.3577
3.92	25.4583	25.269	25.2747	25.2821	25.2881	25.2932	25.5875
3.93	25.6834	25.4964	25.5025	25.51	25.5162	25.5213	25.8185
3.94	25.9097	25.7252	25.7315	25.7392	25.7454	25.7506	26.0509
3.95	26.1373	25.9551	25.9618	25.9697	25.976	25.9812	26.2845
3.96	26.3661	26.1864	26.1934	26.2014	26.2077	26.2131	26.5194
3.97	26.5961	26.4188	26.4262	26.4343	26.4407	26.4461	26.7556
3.98	26.8274	26.6526	26.6602	26.6685	26.675	26.6805	26.993
3.99	27.06	26.8875	26.8955	26.9039	26.9105	26.916	27.2318
4	27.2938	27.1237	27.132	27.1405	27.1472	27.1528	27.4718
4.01	27.5288	27.3612	27.3698	27.3784	27.3852	27.3909	27.7131
4.02	27.7651	27.5999	27.6088	27.6176	27.6244	27.6301	27.9557
4.03	28.0026	27.8399	27.8491	27.8579	27.8649	27.8707	28.1996
4.04	28.2414	28.0811	28.0906	28.0995	28.1066	28.1124	28.4447
4.05	28.4814	28.3235	28.3333	28.3424	28.3495	28.3554	28.6912
4.06	28.7227	28.5672	28.5773	28.5865	28.5937	28.5997	28.9389
4.07	28.9652	28.8121	28.8225	28.8318	28.8391	28.8451	29.1879
4.08	29.209	29.0583	29.069	29.0784	29.0857	29.0918	29.4382
4.09	29.454	29.3057	29.3167	29.3262	29.3336	29.3398	29.6898
4.1	29.7003	29.5544	29.5656	29.5752	29.5827	29.5911	29.9426
4.11	29.9478	29.8043	29.8158	29.8255	29.8331	29.8415	30.1968
4.12	30.1965	30.0527	30.0672	30.077	30.0867	30.0931	30.4522
4.13	30.4465	30.3078	30.3198	30.3298	30.3396	30.346	30.709
4.14	30.6977	30.5587	30.5737	30.5837	30.5936	30.6001	30.967
4.15	30.9502	30.8134	30.8288	30.8403	30.8489	30.8554	31.2263
4.16	31.2039	31.0695	31.0851	31.0968	31.1054	31.1124	31.4869
4.17	31.4589	31.3268	31.3427	31.3551	31.3631	31.3701	31.7488
4.18	31.7151	31.5854	31.5987	31.6133	31.6221	31.6292	32.012
4.19	31.9726	31.8452	31.8586	31.8741	31.8822	31.8894	32.2765
4.2	32.2312	32.1062	32.1199	32.1306	32.1436	32.1509	32.5422
4.21	32.4912	32.3684	32.3823	32.398	32.4063	32.4135	32.8093
4.22	32.7523	32.6319	32.646	32.657	32.6653	32.6774	33.0776
4.23	33.0148	32.8966	32.9109	32.9218	32.9301	32.9374	33.3472
4.24	33.2784	33.1625	33.177	33.188	33.1964	33.2035	33.6182
4.25	33.5433	33.4297	33.4444	33.4554	33.4639	33.4711	33.8904
4.26	33.8094	33.6981	33.713	33.724	33.7326	33.7398	34.1639
4.27	34.0768	33.9677	33.9827	33.9939	34.0025	34.0098	34.4387
4.28	34.3454	34.2385	34.2537	34.265	34.2736	34.281	34.7148
4.29	34.6152	34.5105	34.5259	34.5372	34.546	34.5534	34.9922
4.3	34.8862	34.7838	34.7994	34.8107	34.8195	34.827	35.2708
4.31	35.1585	35.0583	35.074	35.0854	35.0942	35.1072	35.5508
4.32	35.432	35.3339	35.3498	35.3613	35.3756	35.3832	35.832
4.33	35.7068	35.6108	35.6269	35.6435	35.6528	35.6605	36.1146
4.34	35.9827	35.8889	35.9051	35.9218	35.9312	35.9389	36.3984
4.35	36.2599	36.1683	36.1897	36.2013	36.2107	36.2185	36.6835
4.36	36.5384	36.4488	36.4703	36.482	36.4915	36.4993	36.9699
4.37	36.818	36.7305	36.7522	36.764	36.7735	36.7814	37.2577
4.38	37.0989	37.0135	37.0353	37.0471	37.0566	37.0646	37.5466
4.39	37.381	37.2976	37.3195	37.3317	37.341	37.349	37.8369
4.4	37.6643	37.5873	37.605	37.6172	37.6265	37.6346	38.1285
4.41	37.9488	37.8739	37.8916	37.9035	37.9133	37.9214	38.4214
4.42	38.2346	38.1616	38.1794	38.1918	38.2012	38.2094	38.7155
4.43	38.5215	38.4506	38.4684	38.4808	38.4903	38.4986	39.011
4.44	38.8097	38.7407	38.7587	38.7711	38.7806	38.7889	39.3077
4.45	39.0991	39.032	39.05	39.0625	39.0721	39.0805	39.6057
4.46	39.3836	39.3245	39.3426	39.3551	39.3648	39.3732	39.905
4.47	39.675	39.6182	39.6364	39.6489	39.6586	39.6671	40.2056
4.48	39.968	39.9138	39.9313	39.9439	39.9536	39.9622	40.5075
4.49	40.2622	40.2098	40.2274	40.24	40.2498	40.2587	40.8106
4.5	40.5576	40.5064	40.5247	40.5374	40.5472	40.5559	41.1151
4.51	40.8542	40.8048	40.8232	40.8359	40.8458	40.8547	41.4208
4.52	41.152	41.1044	41.1228	41.1355	41.1455	41.1545	41.7279
4.53	41.451	41.4059	41.424	41.4364	41.4464	41.4555	42.0362
4.54	41.7512	41.7078	41.7256	41.7384	41.7485	41.7576	42.3458
4.55	42.0526	41.9999	42.0288	42.0416	42.0517	42.0609	42.6566
4.56	42.3552	42.3152	42.322	42.3459	42.3561	42.3654	42.9688
4.57	42.659	42.6096	42.6389	42.64	42.6502	42.671	43.2823
4.58	42.964	42.9155	42.9341	42.9581	42.9684	42.9662	43.597
4.59	43.2702	43.2232	43.2412	43.2544	43.2648	43.2858	43.913
4.6	43.5775	43.5322	43.5501	43.5627	43.5732	43.5949	44.2303
4.61	43.8861	43.8423	43.8602	43.8728	43.8833	43.9052	44.5489
4.62	44.1958	44.1535	44.1714	44.1841	44.1947	44.2167	44.8687
4.63	44.5067	44.4659	44.4838	44.5088	44.5196	44.5292	45.1898
4.64	44.8188	44.7794	44.8096	44.8224	44.8332	44.843	45.5123
4.65	45.132	45.106	45.1244	45.1371	45.1481	45.1579	45.836
4.66	45.4464	45.4219	45.4402	45.453	45.464	45.4739	46.1609
4.67	45.762	45.7389	45.7572	45.7701	45.7811	45.7912	46.4872
4.68	46.0788	46.0571	46.0754	46.0883	46.0994	46.1095	46.8147
4.69	46.3967	46.3764	46.3947	46.4076	46.4188	46.429	47.1435
4.7	46.7158	46.6968	46.7151	46.7281	46.7394	46.7496	47.4736
4.71	47.0458	47.0184	47.0367	47.0497	47.061	47.0714	47.8049
4.72	47.3689	47.3411	47.3594	47.3725	47.3839	47.3943	48.1375
4.73	47.69	47.665	47.6832	47.6964	47.7078	47.7184	48.4714
4.74	48.0138	47.9899	48.0082	48.0214	48.0329	48.0436	48.8066
4.75	48.3387	48.3161	48.3343	48.3475	48.3592	48.3699	49.1431
4.76	48.6662	48.6433	48.6616	48.6748	48.6866	48.6974	49.4808
4.77	48.992	48.9717	48.9899	49.0032	49.0151	49.026	49.8198
4.78	49.3218	49.3012	49.3194	49.3329	49.3447	49.3557	50.16
4.79	49.6498	49.6318	49.65	49.6636	49.6754	49.6866	50.5015
4.8	49.9819	49.9635	49.9818	49.9952	50.0073	50.0186	50.8443
4.81	50.3137	50.2964	50.3146	50.3282	50.3403	50.3517	51.1884
4.82	50.6466	50.6304	50.6486	50.6622	50.6745	50.6859	51.5337
4.83	50.9807	50.9655	50.9837	50.9973	51.0097	51.0213	51.8803
4.84	51.3159	51.3017	51.3199	51.3338	51.3461	51.3578	52.2282
4.85	51.6522	51.639	51.6572	51.671	51.6836	51.6954	52.5773
4.86	51.9897	51.9774	51.9956	52.0097	52.0222	52.0341	52.9277
4.87	52.3283	52.317	52.3352	52.3491	52.3619	52.3739	53.2793
4.88	52.668	52.6576	52.6758	52.69	52.7027	52.7149	53.6322
4.89	53.0088	52.9997	53.0176	53.0318	53.0446	53.0569	53.9864
4.9	53.3508	53.3425	53.3604	53.3747	53.3877	53.4001	54.3418
4.91	53.6939	53.6865	53.7044	53.7188	53.7318	53.7444	54.6985
4.92	54.038	54.0312	54.0494	54.0639	54.0771	54.0897	55.0564
4.93	54.3833	54.3773	54.3956	54.4102	54.4234	54.4362	55.4157
4.94	54.7298	54.7249	54.7428	54.7575	54.7709	54.7838	55.7761
4.95	55.0773	55.0732	55.0912	55.1059	55.1194	55.1325	56.1378
4.96	55.4012	55.4223	55.4406	55.4554	55.4691	55.4823	56.5008
4.97	55.7755	55.7731	55.7911	55.8061	55.8198	55.8332	56.865
4.98	56.1017	56.1247	56.1428	56.1578	56.1717	56.1851	57.2305
4.99	56.4783	56.4517	56.4697	56.4847	56.4987	56.5123	57.5972
5	56.8066	56.8311	56.8492	56.8645	56.8786	56.8924	57.9652
