T	PN_num	PN_ana
0	1	1
0.0010443	1	1
0.0020886	1	1
0.0031328	1	1
0.0041771	1	1
0.0052214	1	1
0.0062657	1	1
0.00731	1	1
0.0083543	1	1
0.0093985	1	1
0.010443	1	1
0.011487	1	1
0.012531	1	1
0.013576	1	1
0.01462	1	1
0.015664	1	1
0.016709	1	1
0.017753	1	1
0.018797	1	1
0.019841	1	1
0.020886	1	1
0.02193	1	1
0.022974	1	1
0.024018	1	1
0.025063	1	1
0.026107	1	1
0.027151	1	1
0.028196	1	1
0.02924	1	1
0.030284	1	1
0.031328	1	1
0.032373	1	1
0.033417	1	1
0.034461	1	1
0.035506	1	1
0.03655	1	1
0.037594	1	1
0.038638	1	1
0.039683	1	1
0.040727	0.99999	0.99999
0.041771	0.99999	0.99999
0.042816	0.99999	0.99999
0.04386	0.99999	0.99999
0.044904	0.99998	0.99998
0.045948	0.99998	0.99998
0.046993	0.99997	0.99997
0.048037	0.99997	0.99997
0.049081	0.99995	0.99995
0.050126	0.99994	0.99994
0.05117	0.99993	0.99993
0.052214	0.99991	0.99991
0.053258	0.99989	0.99989
0.054303	0.99987	0.99987
0.055347	0.99985	0.99985
0.056391	0.99982	0.99982
0.057436	0.99979	0.99979
0.05848	0.99975	0.99975
0.059524	0.99971	0.99971
0.060568	0.99966	0.99966
0.061613	0.99961	0.99961
0.062657	0.99955	0.99955
0.063701	0.99948	0.99949
0.064745	0.99941	0.99941
0.06579	0.99933	0.99933
0.066834	0.99924	0.99925
0.067878	0.99915	0.99915
0.068923	0.99904	0.99905
0.069967	0.99893	0.99893
0.071011	0.99881	0.99881
0.072055	0.99866	0.99867
0.0731	0.99852	0.99853
0.074144	0.99836	0.99837
0.075188	0.99819	0.9982
0.076233	0.99801	0.99802
0.077277	0.99781	0.99783
0.078321	0.9976	0.99762
0.079365	0.99738	0.9974
0.08041	0.99714	0.99716
0.081454	0.99689	0.99691
0.082498	0.99662	0.99664
0.083543	0.99633	0.99635
0.084587	0.99602	0.99605
0.085631	0.9957	0.99573
0.086675	0.99536	0.9954
0.08772	0.995	0.99504
0.088764	0.99463	0.99467
0.089808	0.99423	0.99427
0.090853	0.99381	0.99386
0.091897	0.99336	0.99342
0.092941	0.9929	0.99297
0.093985	0.99241	0.99249
0.09503	0.9919	0.99198
0.096074	0.99137	0.99146
0.097118	0.99081	0.99091
0.098162	0.99022	0.99033
0.099207	0.98961	0.98973
0.10025	0.98897	0.98911
0.1013	0.9883	0.98844
0.10234	0.9876	0.98776
0.10338	0.98688	0.98704
0.10443	0.98612	0.9863
0.10547	0.98533	0.98553
0.10652	0.9845	0.98473
0.10756	0.98365	0.9839
0.10861	0.98276	0.98303
0.10965	0.98183	0.98213
0.11069	0.98087	0.98119
0.11174	0.97986	0.98022
0.11278	0.97882	0.97922
0.11383	0.97774	0.97817
0.11487	0.97662	0.97707
0.11592	0.97545	0.97595
0.11696	0.97424	0.97478
0.118	0.97298	0.97357
0.11905	0.97167	0.97232
0.12009	0.97031	0.97103
0.12114	0.96891	0.96968
0.12218	0.96744	0.96829
0.12323	0.96593	0.96685
0.12427	0.96435	0.96536
0.12531	0.96271	0.9638
0.12636	0.96101	0.9622
0.1274	0.95925	0.96054
0.12845	0.95742	0.95882
0.12949	0.95551	0.95705
0.13054	0.95353	0.95521
0.13158	0.95147	0.95331
0.13262	0.94933	0.95134
0.13367	0.94709	0.94926
0.13471	0.94477	0.94714
0.13576	0.94235	0.94494
0.1368	0.93982	0.94266
0.13785	0.93719	0.9403
0.13889	0.93443	0.93781
0.13993	0.93155	0.93526
0.14098	0.92854	0.93261
0.14202	0.92538	0.92986
0.14307	0.92206	0.92701
0.14411	0.91856	0.92399
0.14516	0.91488	0.92088
0.1462	0.911	0.91765
0.14724	0.90688	0.91428
0.14829	0.90251	0.91071
0.14933	0.89784	0.90702
0.15038	0.89284	0.90317
0.15142	0.88746	0.89905
0.15247	0.88164	0.8948
0.15351	0.83452	0.89026
0.15455	0.83267	0.88553
0.1556	0.83071	0.88048
0.15664	0.82863	0.87517
0.15769	0.82642	0.86946
0.15873	0.82408	0.86337
0.15978	0.82158	0.85682
0.16082	0.81892	0.84976
0.16186	0.81608	0.84208
0.16291	0.81303	0.83366
0.16395	0.80975	0.82424
0.165	0.80621	0.81364
0.16604	0.80236	0.80135
0.16709	0.79816	0.78657
0.16813	0.79352	0.76778
0.16917	0.78836	0.73976
0.17022	0.78252	0.4535
0.17126	0.77577	0.43894
0.17231	0.76771	0.42748
0.17335	0.75748	0.41806
0.1744	0.70607	0.40993
0.17544	0.70376	0.40279
0.17648	0.70127	0.39635
0.17753	0.69857	0.3905
0.17857	0.69563	0.38518
0.17962	0.69239	0.3803
0.18066	0.6888	0.37572
0.18171	0.68474	0.37139
0.18275	0.68008	0.36741
0.18379	0.67455	0.36359
0.18484	0.66762	0.35999
0.18588	0.65783	0.35659
0.18693	0.43873	0.35335
0.18797	0.43787	0.35027
0.18902	0.437	0.34732
0.19006	0.43611	0.34451
0.1911	0.4352	0.34175
0.19215	0.43427	0.33916
0.19319	0.43332	0.33667
0.19424	0.43234	0.33421
0.19528	0.43134	0.3319
0.19632	0.4303	0.3296
0.19737	0.42923	0.32739
0.19841	0.42811	0.3253
0.19946	0.42695	0.32322
0.2005	0.42573	0.32126
0.20155	0.42445	0.3193
0.20259	0.42308	0.3174
0.20363	0.42162	0.31561
0.20468	0.42004	0.31381
0.20572	0.41831	0.31206
0.20677	0.41635	0.3104
0.20781	0.41405	0.30873
0.20886	0.41114	0.30711
0.2099	0.40635	0.30553
0.21094	0.28123	0.30403
0.21199	0.2806	0.30251
0.21303	0.27997	0.30103
0.21408	0.27936	0.29959
0.21512	0.27875	0.29817
0.21617	0.27814	0.29683
0.21721	0.27753	0.29547
0.21825	0.27693	0.29414
0.2193	0.27634	0.29284
0.22034	0.27575	0.29156
0.22139	0.27516	0.29031
0.22243	0.27457	0.28912
0.22348	0.27399	0.28791
0.22452	0.27342	0.28673
0.22556	0.27284	0.28556
0.22661	0.27228	0.28442
0.22765	0.27171	0.2833
0.2287	0.27115	0.28219
0.22974	0.27059	0.28115
0.23079	0.27004	0.28008
0.23183	0.26949	0.27903
0.23287	0.26894	0.27799
0.23392	0.2684	0.27698
0.23496	0.26786	0.27597
0.23601	0.26732	0.27499
0.23705	0.26678	0.27402
0.2381	0.26625	0.27306
0.23914	0.26573	0.27216
0.24018	0.2652	0.27123
0.24123	0.26468	0.27031
0.24227	0.26417	0.26941
0.24332	0.26365	0.26852
0.24436	0.26314	0.26764
0.24541	0.26263	0.26678
0.24645	0.26213	0.26593
0.24749	0.26162	0.26508
0.24854	0.26113	0.26425
0.24958	0.26063	0.26344
0.25063	0.26014	0.26263
0.25167	0.25965	0.26186
0.25272	0.25916	0.26107
0.25376	0.25867	0.26029
0.2548	0.25819	0.25952
0.25585	0.25771	0.25876
0.25689	0.25724	0.25801
0.25794	0.25676	0.25727
0.25898	0.25629	0.25653
0.26003	0.25582	0.25581
0.26107	0.25536	0.25509
0.26211	0.25489	0.25439
0.26316	0.25443	0.25369
0.2642	0.25398	0.253
0.26525	0.25352	0.25231
0.26629	0.25307	0.25164
0.26734	0.25262	0.251
0.26838	0.25217	0.25033
0.26942	0.25173	0.24968
0.27047	0.25128	0.24903
0.27151	0.25084	0.24839
0.27256	0.2504	0.24775
0.2736	0.24997	0.24712
0.27465	0.24953	0.2465
0.27569	0.2491	0.24589
0.27673	0.24868	0.24528
0.27778	0.24825	0.24468
0.27882	0.24782	0.24408
0.27987	0.2474	0.24349
0.28091	0.24698	0.2429
0.28196	0.24656	0.24232
0.283	0.24615	0.24175
0.28404	0.24574	0.24118
0.28509	0.24532	0.24062
0.28613	0.24492	0.24006
0.28718	0.24451	0.23951
0.28822	0.2441	0.23896
0.28927	0.2437	0.23842
0.29031	0.2433	0.2379
0.29135	0.2429	0.23737
0.2924	0.24251	0.23684
0.29344	0.24211	0.23632
0.29449	0.24172	0.2358
0.29553	0.24133	0.23528
0.29658	0.24094	0.23477
0.29762	0.24055	0.23426
0.29866	0.24017	0.23376
0.29971	0.23978	0.23326
0.30075	0.2394	0.23277
0.3018	0.23902	0.23228
0.30284	0.23864	0.2318
0.30389	0.23827	0.23131
0.30493	0.2379	0.23084
0.30597	0.23752	0.23036
0.30702	0.23715	0.22989
0.30806	0.23678	0.22943
0.30911	0.23642	0.22897
0.31015	0.23605	0.22851
0.3112	0.23569	0.22805
0.31224	0.23533	0.2276
0.31328	0.23497	0.22715
0.31433	0.23461	0.22671
0.31537	0.23425	0.22627
0.31642	0.2339	0.22583
0.31746	0.23355	0.2254
0.31851	0.23319	0.22497
0.31955	0.23284	0.22454
0.32059	0.2325	0.22411
0.32164	0.23215	0.22371
0.32268	0.2318	0.22329
0.32373	0.23146	0.22288
0.32477	0.23112	0.22246
0.32582	0.23078	0.22205
0.32686	0.23044	0.22165
0.3279	0.2301	0.22124
0.32895	0.22977	0.22084
0.32999	0.22943	0.22044
0.33104	0.2291	0.22004
0.33208	0.22877	0.21965
0.33313	0.22844	0.21926
0.33417	0.22811	0.21887
0.33521	0.22778	0.21849
0.33626	0.22746	0.2181
0.3373	0.22713	0.21772
0.33835	0.22681	0.21735
0.33939	0.22649	0.21697
0.34044	0.22617	0.2166
0.34148	0.22585	0.21623
0.34252	0.22553	0.21586
0.34357	0.22522	0.2155
0.34461	0.2249	0.21513
0.34566	0.22459	0.21477
0.3467	0.22428	0.21441
0.34775	0.22397	0.21406
0.34879	0.22366	0.2137
0.34983	0.22335	0.21335
0.35088	0.22304	0.213
0.35192	0.22274	0.21266
0.35297	0.22243	0.21231
0.35401	0.22213	0.21197
0.35506	0.22183	0.21163
0.3561	0.22153	0.21129
0.35714	0.22123	0.21095
0.35819	0.22093	0.21062
0.35923	0.22064	0.21028
0.36028	0.22034	0.20995
0.36132	0.22005	0.20963
0.36237	0.21975	0.2093
0.36341	0.21946	0.20897
0.36445	0.21917	0.20865
0.3655	0.21888	0.20833
0.36654	0.2186	0.20801
0.36759	0.21831	0.20769
0.36863	0.21802	0.20738
0.36968	0.21774	0.20706
0.37072	0.21745	0.20675
0.37176	0.21717	0.20646
0.37281	0.21689	0.20615
0.37385	0.21661	0.20584
0.3749	0.21633	0.20553
0.37594	0.21605	0.20523
0.37699	0.21578	0.20493
0.37803	0.2155	0.20463
0.37907	0.21523	0.20433
0.38012	0.21495	0.20403
0.38116	0.21468	0.20373
0.38221	0.21441	0.20344
0.38325	0.21414	0.20315
0.3843	0.21387	0.20286
0.38534	0.2136	0.20257
0.38638	0.21333	0.20228
0.38743	0.21307	0.20199
0.38847	0.2128	0.20171
0.38952	0.21254	0.20142
0.39056	0.21227	0.20114
0.39161	0.21201	0.20086
0.39265	0.21175	0.20058
0.39369	0.21149	0.20031
0.39474	0.21123	0.20003
0.39578	0.21097	0.19975
0.39683	0.21071	0.19948
0.39787	0.21046	0.19921
0.39892	0.2102	0.19894
0.39996	0.20995	0.19867
0.401	0.20969	0.1984
0.40205	0.20944	0.19813
0.40309	0.20919	0.19787
0.40414	0.20894	0.19761
0.40518	0.20869	0.19734
0.40623	0.20844	0.19708
0.40727	0.20819	0.19682
0.40831	0.20795	0.19656
0.40936	0.2077	0.1963
0.4104	0.20745	0.19605
0.41145	0.20721	0.19579
0.41249	0.20697	0.19554
0.41354	0.20672	0.19529
0.41458	0.20648	0.19503
0.41562	0.20624	0.19478
0.41667	0.206	0.19453
0.41771	0.20576	0.19429
0.41876	0.20552	0.19404
0.4198	0.20528	0.19379
0.42085	0.20505	0.19355
0.42189	0.20481	0.19331
0.42293	0.20458	0.19306
0.42398	0.20434	0.19282
0.42502	0.20411	0.19258
0.42607	0.20388	0.19234
0.42711	0.20364	0.1921
0.42816	0.20341	0.19187
0.4292	0.20318	0.19163
0.43024	0.20295	0.1914
0.43129	0.20272	0.19116
0.43233	0.2025	0.19093
0.43338	0.20227	0.1907
0.43442	0.20204	0.19047
0.43547	0.20182	0.19024
0.43651	0.20159	0.19001
0.43755	0.20137	0.18978
0.4386	0.20115	0.18955
0.43964	0.20092	0.18933
0.44069	0.2007	0.1891
0.44173	0.20048	0.18888
0.44278	0.20026	0.18866
0.44382	0.20004	0.18843
0.44486	0.19982	0.18821
0.44591	0.1996	0.18799
0.44695	0.19939	0.18777
0.448	0.19917	0.18756
0.44904	0.19895	0.18734
0.45009	0.19874	0.18712
0.45113	0.19852	0.18691
0.45217	0.19831	0.18669
0.45322	0.1981	0.18648
0.45426	0.19789	0.18626
0.45531	0.19767	0.18605
0.45635	0.19746	0.18585
0.4574	0.19725	0.18564
0.45844	0.19704	0.18543
0.45948	0.19683	0.18522
0.46053	0.19663	0.18501
0.46157	0.19642	0.18481
0.46262	0.19621	0.1846
0.46366	0.196	0.18439
0.46471	0.1958	0.18419
0.46575	0.19559	0.18399
0.46679	0.19539	0.18378
0.46784	0.19519	0.18358
0.46888	0.19498	0.18338
0.46993	0.19478	0.18318
0.47097	0.19458	0.18298
0.47202	0.19438	0.18278
0.47306	0.19418	0.18258
0.4741	0.19398	0.18238
0.47515	0.19378	0.18219
0.47619	0.19358	0.18199
0.47724	0.19338	0.18179
0.47828	0.19319	0.1816
0.47933	0.19299	0.18141
0.48037	0.19279	0.18121
0.48141	0.1926	0.18102
0.48246	0.1924	0.18083
0.4835	0.19221	0.18064
0.48455	0.19201	0.18045
0.48559	0.19182	0.18026
0.48664	0.19163	0.18007
0.48768	0.19144	0.17988
0.48872	0.19125	0.17969
0.48977	0.19105	0.17951
0.49081	0.19086	0.17932
0.49186	0.19067	0.17913
0.4929	0.19049	0.17895
0.49395	0.1903	0.17876
0.49499	0.19011	0.17858
0.49603	0.18992	0.1784
0.49708	0.18974	0.17822
0.49812	0.18955	0.17803
0.49917	0.18936	0.17785
0.50021	0.18918	0.17767
0.50126	0.18899	0.17749
0.5023	0.18881	0.17732
0.50334	0.18863	0.17714
0.50439	0.18844	0.17696
0.50543	0.18826	0.17678
0.50648	0.18808	0.17661
0.50752	0.1879	0.17643
0.50857	0.18772	0.17625
0.50961	0.18754	0.17608
0.51065	0.18736	0.17591
0.5117	0.18718	0.17573
0.51274	0.187	0.17556
0.51379	0.18682	0.17539
0.51483	0.18664	0.17522
0.51588	0.18647	0.17505
0.51692	0.18629	0.17487
0.51796	0.18611	0.17471
0.51901	0.18594	0.17454
0.52005	0.18576	0.17437
0.5211	0.18559	0.1742
0.52214	0.18542	0.17403
