Tcrit	gMIX
1.1405	-5
1.1326	-4.99
1.1248	-4.98
1.117	-4.97
1.1093	-4.96
1.1016	-4.95
1.0939	-4.94
1.0862	-4.93
1.0786	-4.92
1.071	-4.91
1.0635	-4.9
1.056	-4.89
1.0485	-4.88
1.041	-4.87
1.0336	-4.86
1.0262	-4.85
1.0188	-4.84
1.0115	-4.83
1.0042	-4.82
0.99697	-4.81
0.98974	-4.8
0.98255	-4.79
0.97538	-4.78
0.96825	-4.77
0.96116	-4.76
0.95409	-4.75
0.94706	-4.74
0.94006	-4.73
0.93309	-4.72
0.92616	-4.71
0.91925	-4.7
0.91238	-4.69
0.90554	-4.68
0.89874	-4.67
0.89196	-4.66
0.88522	-4.65
0.87851	-4.64
0.87183	-4.63
0.86518	-4.62
0.85857	-4.61
0.85199	-4.6
0.84544	-4.59
0.83892	-4.58
0.83243	-4.57
0.82597	-4.56
0.81955	-4.55
0.81316	-4.54
0.8068	-4.53
0.80047	-4.52
0.79417	-4.51
0.78791	-4.5
0.78167	-4.49
0.77547	-4.48
0.7693	-4.47
0.76316	-4.46
0.75705	-4.45
0.75097	-4.44
0.74492	-4.43
0.73891	-4.42
0.73293	-4.41
0.72697	-4.4
0.72105	-4.39
0.71516	-4.38
0.7093	-4.37
0.70347	-4.36
0.69767	-4.35
0.69191	-4.34
0.68617	-4.33
0.68046	-4.32
0.67479	-4.31
0.66914	-4.3
0.66353	-4.29
0.65795	-4.28
0.65239	-4.27
0.64687	-4.26
0.64138	-4.25
0.63592	-4.24
0.63049	-4.23
0.62509	-4.22
0.61971	-4.21
0.61437	-4.2
0.60906	-4.19
0.60378	-4.18
0.59853	-4.17
0.59331	-4.16
0.58812	-4.15
0.58296	-4.14
0.57783	-4.13
0.57273	-4.12
0.56765	-4.11
0.56261	-4.1
0.5576	-4.09
0.55261	-4.08
0.54766	-4.07
0.54274	-4.06
0.53784	-4.05
0.53297	-4.04
0.52814	-4.03
0.52333	-4.02
0.51855	-4.01
0.5138	-4
0.50908	-3.99
0.50439	-3.98
0.49972	-3.97
0.49509	-3.96
0.49048	-3.95
0.4859	-3.94
0.48136	-3.93
0.47684	-3.92
0.47234	-3.91
0.46788	-3.9
0.46344	-3.89
0.45904	-3.88
0.45466	-3.87
0.45031	-3.86
0.44598	-3.85
0.44169	-3.84
0.43742	-3.83
0.43318	-3.82
0.42897	-3.81
0.42479	-3.8
0.42063	-3.79
0.4165	-3.78
0.4124	-3.77
0.40833	-3.76
0.40428	-3.75
0.40026	-3.74
0.39627	-3.73
0.3923	-3.72
0.38836	-3.71
0.38445	-3.7
0.38057	-3.69
0.37671	-3.68
0.37288	-3.67
0.36907	-3.66
0.36529	-3.65
0.36154	-3.64
0.35782	-3.63
0.35412	-3.62
0.35045	-3.61
0.3468	-3.6
0.34318	-3.59
0.33958	-3.58
0.33601	-3.57
0.33247	-3.56
0.32895	-3.55
0.32546	-3.54
0.322	-3.53
0.31856	-3.52
0.31514	-3.51
0.31175	-3.5
0.30839	-3.49
0.30505	-3.48
0.30173	-3.47
0.29844	-3.46
0.29518	-3.45
0.29194	-3.44
0.28872	-3.43
0.28553	-3.42
0.28237	-3.41
0.27923	-3.4
0.27611	-3.39
0.27302	-3.38
0.26995	-3.37
0.2669	-3.36
0.26388	-3.35
0.26089	-3.34
0.25791	-3.33
0.25497	-3.32
0.25204	-3.31
0.24914	-3.3
0.24626	-3.29
0.2434	-3.28
0.24057	-3.27
0.23776	-3.26
0.23498	-3.25
0.23222	-3.24
0.22948	-3.23
0.22676	-3.22
0.22407	-3.21
0.22139	-3.2
0.21874	-3.19
0.21612	-3.18
0.21351	-3.17
0.21093	-3.16
0.20837	-3.15
0.20583	-3.14
0.20332	-3.13
0.20082	-3.12
0.19835	-3.11
0.1959	-3.1
0.19347	-3.09
0.19106	-3.08
0.18868	-3.07
0.18631	-3.06
0.18397	-3.05
0.18164	-3.04
0.17934	-3.03
0.17706	-3.02
0.1748	-3.01
0.17256	-3
0.17034	-2.99
0.16814	-2.98
0.16596	-2.97
0.16381	-2.96
0.16167	-2.95
0.15955	-2.94
0.15745	-2.93
0.15537	-2.92
0.15331	-2.91
0.15127	-2.9
0.14926	-2.89
0.14726	-2.88
0.14527	-2.87
0.14331	-2.86
0.14137	-2.85
0.13945	-2.84
0.13754	-2.83
0.13566	-2.82
0.13379	-2.81
0.13194	-2.8
0.13011	-2.79
0.1283	-2.78
0.12651	-2.77
0.12473	-2.76
0.12297	-2.75
0.12123	-2.74
0.11951	-2.73
0.11781	-2.72
0.11612	-2.71
0.11445	-2.7
0.1128	-2.69
0.11117	-2.68
0.10955	-2.67
0.10795	-2.66
0.10637	-2.65
0.10481	-2.64
0.10326	-2.63
0.10173	-2.62
0.10021	-2.61
0.098712	-2.6
0.097229	-2.59
0.095763	-2.58
0.094313	-2.57
0.092879	-2.56
0.091461	-2.55
0.090059	-2.54
0.088672	-2.53
0.087302	-2.52
0.085946	-2.51
0.084606	-2.5
0.083282	-2.49
0.081973	-2.48
0.080678	-2.47
0.079399	-2.46
0.078135	-2.45
0.076886	-2.44
0.075651	-2.43
0.074431	-2.42
0.073225	-2.41
0.072034	-2.4
0.070857	-2.39
0.069694	-2.38
0.068545	-2.37
0.06741	-2.36
0.066289	-2.35
0.065182	-2.34
0.064088	-2.33
0.063008	-2.32
0.061941	-2.31
0.060888	-2.3
0.059848	-2.29
0.058821	-2.28
0.057807	-2.27
0.056807	-2.26
0.055818	-2.25
0.054843	-2.24
0.05388	-2.23
0.05293	-2.22
0.051992	-2.21
0.051067	-2.2
0.050153	-2.19
0.049252	-2.18
0.048363	-2.17
0.047486	-2.16
0.04662	-2.15
0.045767	-2.14
0.044924	-2.13
0.044094	-2.12
0.043275	-2.11
0.042467	-2.1
0.04167	-2.09
0.040884	-2.08
0.04011	-2.07
0.039346	-2.06
0.038593	-2.05
0.037851	-2.04
0.03712	-2.03
0.036399	-2.02
0.035689	-2.01
0.034988	-2
0.034298	-1.99
0.033619	-1.98
0.032949	-1.97
0.032289	-1.96
0.031639	-1.95
0.030999	-1.94
0.030369	-1.93
0.029748	-1.92
0.029136	-1.91
0.028534	-1.9
0.027941	-1.89
0.027358	-1.88
0.026783	-1.87
0.026218	-1.86
0.025661	-1.85
0.025114	-1.84
0.024575	-1.83
0.024045	-1.82
0.023523	-1.81
0.02301	-1.8
0.022505	-1.79
0.022008	-1.78
0.02152	-1.77
0.02104	-1.76
0.020567	-1.75
0.020103	-1.74
0.019647	-1.73
0.019198	-1.72
0.018757	-1.71
0.018324	-1.7
0.017898	-1.69
0.017479	-1.68
0.017068	-1.67
0.016664	-1.66
0.016268	-1.65
0.015878	-1.64
0.015496	-1.63
0.01512	-1.62
0.014751	-1.61
0.014389	-1.6
0.014034	-1.59
0.013685	-1.58
0.013343	-1.57
0.013007	-1.56
0.012677	-1.55
0.012354	-1.54
0.012037	-1.53
0.011726	-1.52
0.011421	-1.51
0.011122	-1.5
0.010829	-1.49
0.010542	-1.48
0.010261	-1.47
0.0099848	-1.46
0.0097146	-1.45
0.0094499	-1.44
0.0091906	-1.43
0.0089366	-1.42
0.0086879	-1.41
0.0084445	-1.4
0.0082062	-1.39
0.0079729	-1.38
0.0077447	-1.37
0.0075214	-1.36
0.0073029	-1.35
0.0070892	-1.34
0.0068802	-1.33
0.0066759	-1.32
0.0064761	-1.31
0.0062809	-1.3
0.0060901	-1.29
0.0059036	-1.28
0.0057215	-1.27
0.0055436	-1.26
0.0053699	-1.25
0.0052003	-1.24
0.0050347	-1.23
0.0048731	-1.22
0.0047154	-1.21
0.0045616	-1.2
0.0044116	-1.19
0.0042653	-1.18
0.0041226	-1.17
0.0039836	-1.16
0.0038481	-1.15
0.0037161	-1.14
0.0035875	-1.13
0.0034623	-1.12
0.0033403	-1.11
0.0032217	-1.1
0.0031062	-1.09
0.0029938	-1.08
0.0028845	-1.07
0.0027782	-1.06
0.0026749	-1.05
0.0025745	-1.04
0.002477	-1.03
0.0023822	-1.02
0.0022902	-1.01
0.0022009	-1
0.0021142	-0.99
0.0020301	-0.98
0.0019485	-0.97
0.0018694	-0.96
0.0017928	-0.95
0.0017185	-0.94
0.0016466	-0.93
0.0015769	-0.92
0.0015095	-0.91
0.0014442	-0.9
0.0013811	-0.89
0.0013201	-0.88
0.0012611	-0.87
0.0012041	-0.86
0.0011491	-0.85
0.001096	-0.84
0.0010447	-0.83
0.0009953	-0.82
0.00094764	-0.81
0.00090171	-0.8
0.00085747	-0.79
0.00081488	-0.78
0.00077389	-0.77
0.00073447	-0.76
0.00069658	-0.75
0.00066017	-0.74
0.0006252	-0.73
0.00059165	-0.72
0.00055946	-0.71
0.00052861	-0.7
0.00049904	-0.69
0.00047074	-0.68
0.00044366	-0.67
0.00041776	-0.66
0.00039301	-0.65
0.00036938	-0.64
0.00034683	-0.63
0.00032533	-0.62
0.00030484	-0.61
0.00028534	-0.6
0.00026679	-0.59
0.00024916	-0.58
0.00023241	-0.57
0.00021653	-0.56
0.00020147	-0.55
0.00018722	-0.54
0.00017373	-0.53
0.00016098	-0.52
0.00014895	-0.51
0.00013761	-0.5
0.00012693	-0.49
0.00011688	-0.48
0.00010744	-0.47
9.8584e-05	-0.46
9.0287e-05	-0.45
8.2526e-05	-0.44
7.5275e-05	-0.43
6.8513e-05	-0.42
6.2218e-05	-0.41
5.6366e-05	-0.4
5.0938e-05	-0.39
4.5911e-05	-0.38
4.1266e-05	-0.37
3.6982e-05	-0.36
3.3041e-05	-0.35
2.9424e-05	-0.34
2.6112e-05	-0.33
2.3088e-05	-0.32
2.0334e-05	-0.31
1.7835e-05	-0.3
1.5573e-05	-0.29
1.3534e-05	-0.28
1.1701e-05	-0.27
1.0062e-05	-0.26
8.6009e-06	-0.25
7.3051e-06	-0.24
6.1616e-06	-0.23
5.1579e-06	-0.22
4.2821e-06	-0.21
3.5229e-06	-0.2
2.8695e-06	-0.19
2.3114e-06	-0.18
1.839e-06	-0.17
1.443e-06	-0.16
1.1147e-06	-0.15
8.4586e-07	-0.14
6.2887e-07	-0.13
4.5657e-07	-0.12
3.2237e-07	-0.11
2.2018e-07	-0.1
1.4446e-07	-0.09
9.0187e-08	-0.08
5.2866e-08	-0.07
2.8536e-08	-0.06
1.3761e-08	-0.05
5.6367e-09	-0.04
1.7835e-09	-0.03
3.5229e-10	-0.02
2.2018e-11	-0.01
	0
2.2018e-11	0.01
3.5229e-10	0.02
1.7835e-09	0.03
5.6367e-09	0.04
1.3761e-08	0.05
2.8536e-08	0.06
5.2866e-08	0.07
9.0187e-08	0.08
1.4446e-07	0.09
2.2018e-07	0.1
3.2237e-07	0.11
4.5657e-07	0.12
6.2887e-07	0.13
8.4586e-07	0.14
1.1147e-06	0.15
1.443e-06	0.16
1.839e-06	0.17
2.3114e-06	0.18
2.8695e-06	0.19
3.5229e-06	0.2
4.2821e-06	0.21
5.1579e-06	0.22
6.1616e-06	0.23
7.3051e-06	0.24
8.6009e-06	0.25
1.0062e-05	0.26
1.1701e-05	0.27
1.3534e-05	0.28
1.5573e-05	0.29
1.7835e-05	0.3
2.0334e-05	0.31
2.3088e-05	0.32
2.6112e-05	0.33
2.9424e-05	0.34
3.3041e-05	0.35
3.6982e-05	0.36
4.1266e-05	0.37
4.5911e-05	0.38
5.0938e-05	0.39
5.6366e-05	0.4
6.2218e-05	0.41
6.8513e-05	0.42
7.5275e-05	0.43
8.2526e-05	0.44
9.0287e-05	0.45
9.8584e-05	0.46
0.00010744	0.47
0.00011688	0.48
0.00012693	0.49
0.00013761	0.5
0.00014895	0.51
0.00016098	0.52
0.00017373	0.53
0.00018722	0.54
0.00020147	0.55
0.00021653	0.56
0.00023241	0.57
0.00024916	0.58
0.00026679	0.59
0.00028534	0.6
0.00030484	0.61
0.00032533	0.62
0.00034683	0.63
0.00036938	0.64
0.00039301	0.65
0.00041776	0.66
0.00044366	0.67
0.00047074	0.68
0.00049904	0.69
0.00052861	0.7
0.00055946	0.71
0.00059165	0.72
0.00062521	0.73
0.00066017	0.74
0.00069658	0.75
0.00073447	0.76
0.00077389	0.77
0.00081488	0.78
0.00085747	0.79
0.00090171	0.8
0.00094764	0.81
0.0009953	0.82
0.0010447	0.83
0.001096	0.84
0.0011491	0.85
0.0012041	0.86
0.0012611	0.87
0.0013201	0.88
0.0013811	0.89
0.0014442	0.9
0.0015095	0.91
0.0015769	0.92
0.0016466	0.93
0.0017185	0.94
0.0017928	0.95
0.0018694	0.96
0.0019485	0.97
0.0020301	0.98
0.0021142	0.99
0.0022009	1
0.0022902	1.01
0.0023822	1.02
0.002477	1.03
0.0025745	1.04
0.0026749	1.05
0.0027782	1.06
0.0028845	1.07
0.0029938	1.08
0.0031062	1.09
0.0032217	1.1
0.0033403	1.11
0.0034623	1.12
0.0035875	1.13
0.0037161	1.14
0.0038481	1.15
0.0039836	1.16
0.0041226	1.17
0.0042653	1.18
0.0044116	1.19
0.0045616	1.2
0.0047154	1.21
0.0048731	1.22
0.0050347	1.23
0.0052003	1.24
0.0053699	1.25
0.0055436	1.26
0.0057215	1.27
0.0059036	1.28
0.0060901	1.29
0.0062809	1.3
0.0064761	1.31
0.0066759	1.32
0.0068802	1.33
0.0070892	1.34
0.0073029	1.35
0.0075214	1.36
0.0077447	1.37
0.007973	1.38
0.0082062	1.39
0.0084445	1.4
0.008688	1.41
0.0089366	1.42
0.0091906	1.43
0.0094499	1.44
0.0097146	1.45
0.0099849	1.46
0.010261	1.47
0.010542	1.48
0.010829	1.49
0.011122	1.5
0.011421	1.51
0.011726	1.52
0.012037	1.53
0.012354	1.54
0.012677	1.55
0.013007	1.56
0.013343	1.57
0.013685	1.58
0.014034	1.59
0.014389	1.6
0.014751	1.61
0.01512	1.62
0.015496	1.63
0.015878	1.64
0.016268	1.65
0.016665	1.66
0.017068	1.67
0.01748	1.68
0.017898	1.69
0.018324	1.7
0.018757	1.71
0.019198	1.72
0.019647	1.73
0.020103	1.74
0.020568	1.75
0.02104	1.76
0.02152	1.77
0.022008	1.78
0.022505	1.79
0.02301	1.8
0.023523	1.81
0.024045	1.82
0.024575	1.83
0.025114	1.84
0.025662	1.85
0.026218	1.86
0.026784	1.87
0.027358	1.88
0.027942	1.89
0.028535	1.9
0.029137	1.91
0.029748	1.92
0.030369	1.93
0.031	1.94
0.03164	1.95
0.03229	1.96
0.032949	1.97
0.033619	1.98
0.034299	1.99
0.034989	2
0.035689	2.01
0.0364	2.02
0.037121	2.03
0.037852	2.04
0.038594	2.05
0.039347	2.06
0.040111	2.07
0.040885	2.08
0.041671	2.09
0.042468	2.1
0.043276	2.11
0.044095	2.12
0.044926	2.13
0.045768	2.14
0.046622	2.15
0.047487	2.16
0.048364	2.17
0.049254	2.18
0.050155	2.19
0.051068	2.2
0.051994	2.21
0.052932	2.22
0.053882	2.23
0.054845	2.24
0.05582	2.25
0.056808	2.26
0.057809	2.27
0.058823	2.28
0.05985	2.29
0.060891	2.3
0.061944	2.31
0.063011	2.32
0.064091	2.33
0.065184	2.34
0.066292	2.35
0.067413	2.36
0.068548	2.37
0.069697	2.38
0.07086	2.39
0.072037	2.4
0.073228	2.41
0.074434	2.42
0.075654	2.43
0.076889	2.44
0.078139	2.45
0.079403	2.46
0.080683	2.47
0.081977	2.48
0.083286	2.49
0.084611	2.5
0.085951	2.51
0.087307	2.52
0.088678	2.53
0.090064	2.54
0.091466	2.55
0.092885	2.56
0.094319	2.57
0.095769	2.58
0.097236	2.59
0.098718	2.6
0.10022	2.61
0.10173	2.62
0.10327	2.63
0.10481	2.64
0.10638	2.65
0.10796	2.66
0.10956	2.67
0.11118	2.68
0.11281	2.69
0.11446	2.7
0.11613	2.71
0.11782	2.72
0.11952	2.73
0.12124	2.74
0.12298	2.75
0.12474	2.76
0.12652	2.77
0.12831	2.78
0.13012	2.79
0.13195	2.8
0.1338	2.81
0.13567	2.82
0.13756	2.83
0.13946	2.84
0.14138	2.85
0.14333	2.86
0.14529	2.87
0.14727	2.88
0.14927	2.89
0.15129	2.9
0.15333	2.91
0.15539	2.92
0.15747	2.93
0.15957	2.94
0.16169	2.95
0.16383	2.96
0.16598	2.97
0.16816	2.98
0.17036	2.99
0.17258	3
0.17482	3.01
0.17708	3.02
0.17937	3.03
0.18167	3.04
0.18399	3.05
0.18634	3.06
0.1887	3.07
0.19109	3.08
0.1935	3.09
0.19593	3.1
0.19838	3.11
0.20085	3.12
0.20335	3.13
0.20587	3.14
0.20841	3.15
0.21097	3.16
0.21355	3.17
0.21615	3.18
0.21878	3.19
0.22143	3.2
0.2241	3.21
0.2268	3.22
0.22952	3.23
0.23226	3.24
0.23502	3.25
0.23781	3.26
0.24062	3.27
0.24345	3.28
0.24631	3.29
0.24919	3.3
0.25209	3.31
0.25502	3.32
0.25797	3.33
0.26094	3.34
0.26394	3.35
0.26696	3.36
0.27001	3.37
0.27308	3.38
0.27617	3.39
0.27929	3.4
0.28243	3.41
0.2856	3.42
0.28879	3.43
0.29201	3.44
0.29525	3.45
0.29852	3.46
0.30181	3.47
0.30512	3.48
0.30846	3.49
0.31183	3.5
0.31522	3.51
0.31864	3.52
0.32208	3.53
0.32555	3.54
0.32904	3.55
0.33256	3.56
0.33611	3.57
0.33968	3.58
0.34328	3.59
0.3469	3.6
0.35055	3.61
0.35422	3.62
0.35792	3.63
0.36165	3.64
0.36541	3.65
0.36919	3.66
0.37299	3.67
0.37683	3.68
0.38069	3.69
0.38457	3.7
0.38849	3.71
0.39243	3.72
0.3964	3.73
0.40039	3.74
0.40442	3.75
0.40847	3.76
0.41254	3.77
0.41665	3.78
0.42078	3.79
0.42494	3.8
0.42913	3.81
0.43334	3.82
0.43758	3.83
0.44185	3.84
0.44615	3.85
0.45048	3.86
0.45483	3.87
0.45922	3.88
0.46363	3.89
0.46807	3.9
0.47253	3.91
0.47703	3.92
0.48155	3.93
0.48611	3.94
0.49069	3.95
0.4953	3.96
0.49994	3.97
0.5046	3.98
0.5093	3.99
0.51402	4
0.51878	4.01
0.52356	4.02
0.52837	4.03
0.53322	4.04
0.53809	4.05
0.54299	4.06
0.54792	4.07
0.55288	4.08
0.55786	4.09
0.56288	4.1
0.56793	4.11
0.57301	4.12
0.57811	4.13
0.58325	4.14
0.58842	4.15
0.59361	4.16
0.59884	4.17
0.60409	4.18
0.60938	4.19
0.6147	4.2
0.62004	4.21
0.62542	4.22
0.63083	4.23
0.63627	4.24
0.64173	4.25
0.64723	4.26
0.65276	4.27
0.65832	4.28
0.66391	4.29
0.66953	4.3
0.67518	4.31
0.68086	4.32
0.68657	4.33
0.69232	4.34
0.69809	4.35
0.7039	4.36
0.70973	4.37
0.7156	4.38
0.7215	4.39
0.72743	4.4
0.73339	4.41
0.73938	4.42
0.7454	4.43
0.75145	4.44
0.75754	4.45
0.76366	4.46
0.76981	4.47
0.77598	4.48
0.7822	4.49
0.78844	4.5
0.79471	4.51
0.80102	4.52
0.80736	4.53
0.81373	4.54
0.82013	4.55
0.82656	4.56
0.83302	4.57
0.83952	4.58
0.84605	4.59
0.85261	4.6
0.8592	4.61
0.86582	4.62
0.87248	4.63
0.87917	4.64
0.88589	4.65
0.89264	4.66
0.89943	4.67
0.90624	4.68
0.91309	4.69
0.91998	4.7
0.92689	4.71
0.93384	4.72
0.94081	4.73
0.94783	4.74
0.95487	4.75
0.96195	4.76
0.96905	4.77
0.9762	4.78
0.98337	4.79
0.99058	4.8
0.99781	4.81
1.0051	4.82
1.0124	4.83
1.0197	4.84
1.0271	4.85
1.0345	4.86
1.0419	4.87
1.0494	4.88
1.0569	4.89
1.0644	4.9
1.072	4.91
1.0796	4.92
1.0872	4.93
1.0949	4.94
1.1026	4.95
1.1103	4.96
1.1181	4.97
1.1259	4.98
1.1337	4.99
1.1416	5
