T	NTG1	NTG3	NTG5	NTG7	NTG9	NTG11
0	0.18178	0.18208	0.18205	0.18203	0.18203	0.18203
0.0010442	0.18172	0.18203	0.18202	0.18201	0.18201	0.182
0.0020884	0.18171	0.18201	0.18201	0.18201	0.182	0.182
0.0031327	0.1817	0.18201	0.18201	0.182	0.182	0.182
0.0041769	0.1817	0.18201	0.18201	0.182	0.182	0.18199
0.0052211	0.1817	0.18201	0.18201	0.182	0.182	0.18199
0.0062653	0.1817	0.18201	0.18201	0.182	0.182	0.18199
0.0073095	0.1817	0.18201	0.18201	0.182	0.182	0.18199
0.0083537	0.1817	0.18201	0.18201	0.182	0.182	0.18199
0.009398	0.1817	0.18201	0.18201	0.182	0.182	0.18199
0.010442	0.1817	0.18201	0.18201	0.182	0.182	0.18199
0.011486	0.1817	0.18201	0.18201	0.182	0.182	0.18199
0.012531	0.1817	0.18201	0.18201	0.182	0.182	0.18199
0.013575	0.1817	0.18201	0.18201	0.182	0.182	0.18199
0.014619	0.1817	0.18201	0.18201	0.182	0.182	0.18199
0.015663	0.1817	0.18201	0.18201	0.182	0.182	0.18199
0.016707	0.1817	0.18201	0.18201	0.182	0.182	0.18199
0.017752	0.1817	0.18201	0.18201	0.182	0.182	0.18199
0.018796	0.1817	0.18201	0.18201	0.182	0.182	0.18199
0.01984	0.1817	0.18201	0.18201	0.182	0.182	0.18199
0.020884	0.1817	0.18201	0.18201	0.182	0.182	0.18199
0.021929	0.1817	0.18201	0.18201	0.182	0.182	0.18199
0.022973	0.1817	0.18201	0.18201	0.182	0.182	0.18199
0.024017	0.1817	0.18201	0.18201	0.182	0.182	0.18199
0.025061	0.1817	0.18201	0.18201	0.182	0.182	0.18199
0.026105	0.1817	0.18201	0.18201	0.182	0.182	0.18199
0.02715	0.1817	0.18201	0.18201	0.182	0.182	0.18199
0.028194	0.1817	0.18201	0.18201	0.182	0.182	0.18199
0.029238	0.1817	0.18201	0.18201	0.182	0.182	0.18199
0.030282	0.1817	0.18201	0.18201	0.182	0.182	0.18199
0.031327	0.1817	0.18201	0.18201	0.182	0.182	0.18199
0.032371	0.1817	0.18201	0.18201	0.182	0.182	0.18199
0.033415	0.1817	0.18201	0.18201	0.182	0.182	0.18199
0.034459	0.1817	0.18201	0.18201	0.182	0.182	0.18199
0.035503	0.1817	0.18201	0.18201	0.182	0.182	0.18199
0.036548	0.1817	0.18201	0.18201	0.182	0.182	0.182
0.037592	0.1817	0.18201	0.18201	0.182	0.182	0.182
0.038636	0.1817	0.18201	0.18201	0.182	0.182	0.182
0.03968	0.1817	0.18201	0.18201	0.18201	0.182	0.182
0.040724	0.1817	0.18201	0.18201	0.18201	0.182	0.182
0.041769	0.1817	0.18201	0.18201	0.18201	0.182	0.182
0.042813	0.1817	0.18201	0.18201	0.18201	0.182	0.182
0.043857	0.1817	0.18202	0.18201	0.18201	0.18201	0.182
0.044901	0.1817	0.18202	0.18202	0.18201	0.18201	0.182
0.045946	0.1817	0.18202	0.18202	0.18202	0.18201	0.18201
0.04699	0.18171	0.18202	0.18202	0.18202	0.18201	0.18201
0.048034	0.18171	0.18203	0.18203	0.18202	0.18202	0.18201
0.049078	0.18171	0.18203	0.18203	0.18203	0.18202	0.18202
0.050122	0.18172	0.18204	0.18204	0.18203	0.18203	0.18203
0.051167	0.18172	0.18204	0.18204	0.18204	0.18204	0.18203
0.052211	0.18172	0.18205	0.18205	0.18205	0.18205	0.18204
0.053255	0.18173	0.18206	0.18206	0.18206	0.18206	0.18205
0.054299	0.18174	0.18207	0.18207	0.18207	0.18207	0.18206
0.055344	0.18174	0.18208	0.18208	0.18208	0.18208	0.18208
0.056388	0.18175	0.18209	0.1821	0.1821	0.18209	0.18209
0.057432	0.18176	0.18211	0.18211	0.18211	0.18211	0.18211
0.058476	0.18177	0.18213	0.18213	0.18213	0.18213	0.18212
0.05952	0.18178	0.18214	0.18215	0.18215	0.18215	0.18215
0.060565	0.1818	0.18216	0.18217	0.18217	0.18217	0.18217
0.061609	0.18181	0.18219	0.1822	0.1822	0.1822	0.18219
0.062653	0.18183	0.18222	0.18222	0.18223	0.18222	0.18222
0.063697	0.18185	0.18224	0.18226	0.18226	0.18225	0.18225
0.064741	0.18187	0.18227	0.18229	0.18229	0.18229	0.18229
0.065786	0.1819	0.18231	0.18232	0.18233	0.18233	0.18232
0.06683	0.18192	0.18235	0.18236	0.18236	0.18237	0.18236
0.067874	0.18195	0.18239	0.1824	0.18241	0.18241	0.1824
0.068918	0.18198	0.18243	0.18245	0.18246	0.18245	0.18245
0.069963	0.18202	0.18248	0.1825	0.1825	0.1825	0.1825
0.071007	0.18205	0.18253	0.18255	0.18256	0.18256	0.18256
0.072051	0.18209	0.18259	0.18261	0.18261	0.18262	0.18262
0.073095	0.18214	0.18265	0.18267	0.18268	0.18268	0.18268
0.074139	0.18217	0.18271	0.18273	0.18275	0.18275	0.18275
0.075184	0.18222	0.18277	0.18281	0.18282	0.18282	0.18282
0.076228	0.18227	0.18285	0.18288	0.18289	0.1829	0.1829
0.077272	0.18233	0.18292	0.18296	0.18297	0.18298	0.18298
0.078316	0.18238	0.183	0.18305	0.18306	0.18306	0.18306
0.079361	0.18245	0.18309	0.18313	0.18315	0.18315	0.18315
0.080405	0.18251	0.18318	0.18323	0.18324	0.18325	0.18325
0.081449	0.18258	0.18328	0.18332	0.18334	0.18335	0.18335
0.082493	0.18266	0.18338	0.18343	0.18345	0.18345	0.18346
0.083537	0.18274	0.18348	0.18354	0.18356	0.18356	0.18357
0.084582	0.18282	0.18359	0.18365	0.18367	0.18368	0.18369
0.085626	0.18291	0.18371	0.18377	0.1838	0.1838	0.18381
0.08667	0.183	0.18383	0.1839	0.18392	0.18393	0.18394
0.087714	0.18309	0.18396	0.18403	0.18406	0.18407	0.18407
0.088758	0.1832	0.18409	0.18417	0.1842	0.18421	0.18421
0.089803	0.1833	0.18423	0.18431	0.18434	0.18435	0.18436
0.090847	0.18341	0.18438	0.18446	0.18449	0.18451	0.18452
0.091891	0.18353	0.18453	0.18462	0.18465	0.18467	0.18468
0.092935	0.18365	0.18469	0.18478	0.18482	0.18483	0.18484
0.09398	0.18378	0.18485	0.18495	0.18499	0.18501	0.18502
0.095024	0.18391	0.18502	0.18513	0.18517	0.18519	0.1852
0.096068	0.18404	0.1852	0.18531	0.18535	0.18537	0.18538
0.097112	0.18418	0.18538	0.1855	0.18554	0.18557	0.18558
0.098156	0.18433	0.18557	0.1857	0.18574	0.18577	0.18578
0.099201	0.18448	0.18577	0.1859	0.18595	0.18597	0.18599
0.10024	0.18464	0.18597	0.18611	0.18616	0.18619	0.1862
0.10129	0.18481	0.18619	0.18633	0.18638	0.18641	0.18643
0.10233	0.18497	0.1864	0.18656	0.18661	0.18664	0.18666
0.10338	0.18515	0.18663	0.18679	0.18685	0.18688	0.1869
0.10442	0.18533	0.18686	0.18703	0.18709	0.18713	0.18714
0.10547	0.18552	0.1871	0.18728	0.18735	0.18738	0.1874
0.10651	0.18571	0.18735	0.18754	0.18761	0.18764	0.18766
0.10755	0.18591	0.18761	0.1878	0.18787	0.18791	0.18793
0.1086	0.18612	0.18787	0.18807	0.18815	0.18819	0.18821
0.10964	0.18633	0.18814	0.18835	0.18843	0.18848	0.1885
0.11069	0.18655	0.18842	0.18864	0.18873	0.18877	0.1888
0.11173	0.18678	0.18871	0.18894	0.18903	0.18907	0.1891
0.11278	0.18701	0.18901	0.18925	0.18934	0.18939	0.18941
0.11382	0.18725	0.18932	0.18956	0.18966	0.18971	0.18974
0.11486	0.1875	0.18963	0.18989	0.18999	0.19004	0.19007
0.11591	0.18775	0.18995	0.19022	0.19033	0.19038	0.19041
0.11695	0.18801	0.19028	0.19056	0.19067	0.19073	0.19076
0.118	0.18828	0.19062	0.19091	0.19103	0.19109	0.19112
0.11904	0.18855	0.19097	0.19128	0.1914	0.19146	0.1915
0.12009	0.18883	0.19133	0.19165	0.19177	0.19184	0.19188
0.12113	0.18912	0.1917	0.19203	0.19216	0.19223	0.19227
0.12217	0.18942	0.19208	0.19242	0.19256	0.19263	0.19267
0.12322	0.18972	0.19247	0.19282	0.19296	0.19304	0.19308
0.12426	0.19003	0.19286	0.19323	0.19338	0.19346	0.19351
0.12531	0.19035	0.19327	0.19366	0.19381	0.19389	0.19394
0.12635	0.19068	0.19369	0.19409	0.19425	0.19433	0.19439
0.12739	0.19101	0.19412	0.19454	0.1947	0.19479	0.19484
0.12844	0.19136	0.19456	0.19499	0.19516	0.19526	0.19531
0.12948	0.19171	0.19501	0.19546	0.19564	0.19574	0.19579
0.13053	0.19207	0.19547	0.19594	0.19613	0.19623	0.19629
0.13157	0.19244	0.19595	0.19643	0.19663	0.19673	0.19679
0.13262	0.19281	0.19644	0.19694	0.19714	0.19725	0.19731
0.13366	0.1932	0.19693	0.19745	0.19767	0.19778	0.19785
0.1347	0.1936	0.19744	0.19799	0.19821	0.19832	0.19839
0.13575	0.194	0.19797	0.19853	0.19876	0.19888	0.19896
0.13679	0.19441	0.19851	0.19909	0.19933	0.19945	0.19953
0.13784	0.19484	0.19906	0.19966	0.19991	0.20004	0.20012
0.13888	0.19527	0.19962	0.20025	0.20051	0.20064	0.20073
0.13993	0.19571	0.2002	0.20085	0.20112	0.20126	0.20135
0.14097	0.19616	0.20079	0.20147	0.20175	0.2019	0.20199
0.14201	0.19663	0.2014	0.20211	0.2024	0.20255	0.20265
0.14306	0.1971	0.20202	0.20276	0.20306	0.20322	0.20332
0.1441	0.19758	0.20266	0.20343	0.20374	0.20391	0.20401
0.14515	0.19808	0.20332	0.20411	0.20444	0.20462	0.20473
0.14619	0.19858	0.20399	0.20482	0.20516	0.20534	0.20546
0.14723	0.1991	0.20469	0.20554	0.2059	0.20609	0.20621
0.14828	0.19963	0.2054	0.20629	0.20666	0.20686	0.20699
0.14932	0.20017	0.20613	0.20706	0.20744	0.20765	0.20778
0.15037	0.20072	0.20688	0.20785	0.20825	0.20847	0.2086
0.15141	0.20129	0.20765	0.20866	0.20908	0.20931	0.20945
0.15246	0.20187	0.20844	0.20949	0.20993	0.21017	0.21032
0.1535	0.20246	0.20926	0.21036	0.21082	0.21107	0.21122
0.15454	0.20306	0.2101	0.21124	0.21173	0.21199	0.21215
0.15559	0.20368	0.21096	0.21216	0.21266	0.21294	0.21311
0.15663	0.20431	0.21186	0.21311	0.21364	0.21392	0.21411
0.15768	0.20496	0.21278	0.21409	0.21464	0.21494	0.21513
0.15872	0.20563	0.21373	0.2151	0.21568	0.216	0.2162
0.15977	0.20631	0.21471	0.21615	0.21676	0.21709	0.21731
0.16081	0.207	0.21572	0.21723	0.21788	0.21823	0.21845
0.16185	0.20772	0.21677	0.21836	0.21904	0.21942	0.21965
0.1629	0.20845	0.21786	0.21954	0.22025	0.22065	0.2209
0.16394	0.2092	0.219	0.22076	0.22152	0.22194	0.2222
0.16499	0.20997	0.22017	0.22203	0.22284	0.22328	0.22357
0.16603	0.21076	0.2214	0.22337	0.22422	0.2247	0.225
0.16707	0.21157	0.22267	0.22477	0.2225	0.22021	0.2195
0.16812	0.2124	0.22401	0.25725	0.22288	0.22079	0.22023
0.16916	0.21325	0.2464	0.25689	0.22328	0.22139	0.22099
0.17021	0.21413	0.24617	0.25654	0.22371	0.22204	0.2218
0.17125	0.21504	0.24596	0.2562	0.22417	0.22272	0.22265
0.1723	0.21597	0.24575	0.25586	0.22465	0.22343	0.22355
0.17334	0.21693	0.24556	0.25554	0.22517	0.22419	0.2245
0.17438	0.21792	0.24537	0.25523	0.22571	0.22499	0.2255
0.17543	0.21894	0.2452	0.25492	0.2263	0.22585	0.22657
0.17647	0.22	0.24503	0.25463	0.22692	0.22675	0.2277
0.17752	0.22109	0.24488	0.25435	0.22758	0.22771	0.22891
0.17856	0.22223	0.24474	0.25408	0.22829	0.22874	0.23021
0.17961	0.2234	0.24461	0.25381	0.22904	0.22984	0.2316
0.18065	0.22462	0.2445	0.25356	0.22985	0.23102	0.23311
0.18169	0.2259	0.2444	0.25332	0.23072	0.23229	0.23476
0.18274	0.22722	0.24431	0.25309	0.23165	0.23368	0.23658
0.18378	0.22861	0.24423	0.25288	0.23265	0.23519	0.23349
0.18483	0.23007	0.24417	0.25267	0.23374	0.23686	0.23421
0.18587	0.2316	0.24412	0.25248	0.23492	0.23873	0.23499
0.18691	0.23321	0.24409	0.2523	0.23622	0.23681	0.23585
0.18796	0.23493	0.24407	0.25213	0.23766	0.23736	0.23678
0.189	0.23676	0.24408	0.25198	0.23927	0.23796	0.2378
0.19005	0.23872	0.2441	0.25184	0.2411	0.23862	0.23894
0.19109	0.24084	0.24413	0.25172	0.24324	0.23934	0.24021
0.19214	0.24316	0.24419	0.25161	0.26894	0.24015	0.24164
0.19318	0.24573	0.24427	0.25152	0.26875	0.24104	0.2433
0.19422	0.24863	0.24437	0.25144	0.26833	0.24204	0.24526
0.19527	0.25198	0.2445	0.25138	0.26792	0.24317	0.26596
0.19631	0.25597	0.24465	0.25134	0.26752	0.24447	0.26561
0.19736	0.26072	0.24483	0.25133	0.26713	0.24599	0.26527
0.1984	0.2652	0.24504	0.25133	0.26675	0.24785	0.26494
0.19945	0.26762	0.24528	0.25136	0.26639	0.26532	0.26463
0.20049	0.26857	0.24556	0.25141	0.26603	0.26499	0.26432
0.20153	0.26884	0.24589	0.25149	0.26569	0.26468	0.26403
0.20258	0.26878	0.24626	0.2516	0.26535	0.26439	0.26376
0.20362	0.26853	0.24669	0.25175	0.26503	0.2641	0.2635
0.20467	0.26817	0.24718	0.25193	0.26473	0.26383	0.26325
0.20571	0.26774	0.24774	0.25216	0.26444	0.26358	0.26302
0.20676	0.26727	0.24841	0.25244	0.26416	0.26334	0.26281
0.2078	0.26676	0.24919	0.25278	0.2639	0.26312	0.26262
0.20884	0.26623	0.25014	0.25319	0.26365	0.26292	0.26245
0.20989	0.26568	0.25132	0.2537	0.26342	0.26274	0.2623
0.21093	0.26512	0.25291	0.25432	0.26322	0.26258	0.26218
0.21198	0.26456	0.25542	0.25511	0.26303	0.26245	0.26209
0.21302	0.26399	0.284	0.25617	0.26287	0.26234	0.26202
0.21406	0.26341	0.2833	0.25773	0.26273	0.26227	0.262
0.21511	0.26284	0.28258	0.26342	0.26263	0.26224	0.26202
0.21615	0.26226	0.28187	0.26323	0.26255	0.26225	0.26209
0.2172	0.26169	0.28116	0.26307	0.26252	0.26231	0.26224
0.21824	0.26111	0.28045	0.26295	0.26255	0.26245	0.26247
0.21929	0.26054	0.27975	0.26286	0.26263	0.26269	0.26284
0.22033	0.25997	0.27905	0.26282	0.2628	0.26307	0.26344
0.22137	0.2594	0.27837	0.26283	0.26311	0.26371	0.26458
0.22242	0.25883	0.27768	0.26292	0.26363	0.26515	0.27396
0.22346	0.25827	0.277	0.26313	0.26474	0.27131	0.27347
0.22451	0.25771	0.27633	0.26353	0.27983	0.2709	0.27299
0.22555	0.25715	0.27566	0.26441	0.27916	0.27051	0.27252
0.2266	0.2566	0.275	0.27748	0.27849	0.27014	0.27207
0.22764	0.25604	0.27434	0.27682	0.27782	0.26981	0.27164
0.22868	0.2555	0.27369	0.27617	0.27716	0.26951	0.27124
0.22973	0.25495	0.27304	0.27551	0.27651	0.26926	0.27086
0.23077	0.25441	0.2724	0.27486	0.27585	0.2691	0.27052
0.23182	0.25387	0.27176	0.27422	0.27521	0.26916	0.27025
0.23286	0.25334	0.27113	0.27358	0.27457	0.27509	0.27011
0.2339	0.2528	0.2705	0.27294	0.27393	0.27446	0.27479
0.23495	0.25228	0.26988	0.27231	0.27329	0.27382	0.27415
0.23599	0.25175	0.26926	0.27169	0.27267	0.27319	0.27352
0.23704	0.25123	0.26864	0.27107	0.27204	0.27257	0.2729
0.23808	0.25071	0.26803	0.27045	0.27142	0.27195	0.27227
0.23913	0.2502	0.26742	0.26983	0.2708	0.27133	0.27166
0.24017	0.24969	0.26682	0.26923	0.27019	0.27071	0.27104
0.24121	0.24918	0.26622	0.26862	0.26958	0.27011	0.27043
0.24226	0.24867	0.26563	0.26802	0.26898	0.2695	0.26983
0.2433	0.24817	0.26504	0.26742	0.26838	0.2689	0.26922
0.24435	0.24767	0.26446	0.26683	0.26779	0.2683	0.26863
0.24539	0.24717	0.26387	0.26624	0.26719	0.26771	0.26803
0.24644	0.24668	0.2633	0.26566	0.26661	0.26712	0.26744
0.24748	0.24619	0.26272	0.26508	0.26602	0.26654	0.26686
0.24852	0.2457	0.26215	0.2645	0.26544	0.26595	0.26627
0.24957	0.24522	0.26159	0.26392	0.26487	0.26538	0.2657
0.25061	0.24474	0.26102	0.26335	0.26429	0.2648	0.26512
0.25166	0.24426	0.26046	0.26279	0.26373	0.26423	0.26455
0.2527	0.24379	0.25991	0.26223	0.26316	0.26367	0.26398
0.25374	0.24332	0.25936	0.26167	0.2626	0.2631	0.26342
0.25479	0.24285	0.25881	0.26111	0.26204	0.26254	0.26286
0.25583	0.24238	0.25827	0.26056	0.26149	0.26199	0.2623
0.25688	0.24192	0.25773	0.26001	0.26094	0.26144	0.26175
0.25792	0.24146	0.25719	0.25947	0.26039	0.26089	0.2612
0.25897	0.241	0.25665	0.25893	0.25985	0.26034	0.26065
0.26001	0.24054	0.25612	0.25839	0.25931	0.2598	0.26011
0.26105	0.24009	0.2556	0.25786	0.25877	0.25926	0.25957
0.2621	0.23964	0.25507	0.25733	0.25823	0.25873	0.25903
0.26314	0.23919	0.25455	0.2568	0.2577	0.25819	0.2585
0.26419	0.23875	0.25403	0.25627	0.25718	0.25767	0.25797
0.26523	0.23831	0.25352	0.25575	0.25665	0.25714	0.25745
0.26628	0.23787	0.25301	0.25523	0.25613	0.25662	0.25692
0.26732	0.23743	0.2525	0.25472	0.25561	0.2561	0.2564
0.26836	0.237	0.252	0.25421	0.2551	0.25558	0.25589
0.26941	0.23656	0.2515	0.2537	0.25459	0.25507	0.25537
0.27045	0.23613	0.251	0.25319	0.25408	0.25456	0.25486
0.2715	0.23571	0.2505	0.25269	0.25358	0.25405	0.25435
0.27254	0.23528	0.25001	0.25219	0.25307	0.25355	0.25385
0.27359	0.23486	0.24952	0.25169	0.25257	0.25305	0.25335
0.27463	0.23444	0.24903	0.2512	0.25208	0.25255	0.25285
0.27567	0.23402	0.24855	0.25071	0.25158	0.25206	0.25235
0.27672	0.23361	0.24807	0.25022	0.25109	0.25156	0.25186
0.27776	0.23319	0.24759	0.24974	0.25061	0.25108	0.25137
0.27881	0.23278	0.24711	0.24925	0.25012	0.25059	0.25088
0.27985	0.23237	0.24664	0.24877	0.24964	0.25011	0.2504
0.28089	0.23197	0.24617	0.2483	0.24916	0.24963	0.24992
0.28194	0.23156	0.2457	0.24782	0.24868	0.24915	0.24944
0.28298	0.23116	0.24524	0.24735	0.24821	0.24867	0.24896
0.28403	0.23076	0.24478	0.24688	0.24774	0.2482	0.24849
0.28507	0.23036	0.24432	0.24642	0.24727	0.24773	0.24802
0.28612	0.22997	0.24386	0.24596	0.2468	0.24726	0.24755
0.28716	0.22957	0.24341	0.24549	0.24634	0.2468	0.24709
0.2882	0.22918	0.24296	0.24504	0.24588	0.24634	0.24662
0.28925	0.22879	0.24251	0.24458	0.24542	0.24588	0.24616
0.29029	0.22841	0.24206	0.24413	0.24497	0.24542	0.2457
0.29134	0.22802	0.24162	0.24368	0.24451	0.24497	0.24525
0.29238	0.22764	0.24118	0.24323	0.24406	0.24451	0.2448
0.29343	0.22726	0.24074	0.24278	0.24361	0.24406	0.24435
0.29447	0.22688	0.2403	0.24234	0.24317	0.24362	0.2439
0.29551	0.2265	0.23987	0.2419	0.24273	0.24317	0.24345
0.29656	0.22612	0.23944	0.24146	0.24229	0.24273	0.24301
0.2976	0.22575	0.23901	0.24103	0.24185	0.24229	0.24257
0.29865	0.22538	0.23858	0.24059	0.24141	0.24185	0.24213
0.29969	0.22501	0.23815	0.24016	0.24098	0.24142	0.2417
0.30073	0.22464	0.23773	0.23973	0.24055	0.24099	0.24126
0.30178	0.22427	0.23731	0.23931	0.24012	0.24056	0.24083
0.30282	0.22391	0.23689	0.23888	0.23969	0.24013	0.2404
0.30387	0.22355	0.23648	0.23846	0.23927	0.2397	0.23998
0.30491	0.22319	0.23606	0.23804	0.23884	0.23928	0.23955
0.30596	0.22283	0.23565	0.23762	0.23842	0.23886	0.23913
0.307	0.22247	0.23524	0.23721	0.23801	0.23844	0.23871
0.30804	0.22211	0.23484	0.23679	0.23759	0.23802	0.23829
0.30909	0.22176	0.23443	0.23638	0.23718	0.23761	0.23788
0.31013	0.22141	0.23403	0.23597	0.23677	0.2372	0.23746
0.31118	0.22106	0.23363	0.23557	0.23636	0.23678	0.23705
0.31222	0.22071	0.23323	0.23516	0.23595	0.23638	0.23664
0.31327	0.22036	0.23283	0.23476	0.23554	0.23597	0.23624
0.31431	0.22002	0.23244	0.23436	0.23514	0.23557	0.23583
0.31535	0.21967	0.23204	0.23396	0.23474	0.23516	0.23543
0.3164	0.21933	0.23165	0.23356	0.23434	0.23476	0.23503
0.31744	0.21899	0.23127	0.23317	0.23395	0.23437	0.23463
0.31849	0.21865	0.23088	0.23278	0.23355	0.23397	0.23423
0.31953	0.21832	0.23049	0.23239	0.23316	0.23358	0.23384
0.32057	0.21798	0.23011	0.232	0.23277	0.23318	0.23345
0.32162	0.21765	0.22973	0.23161	0.23238	0.23279	0.23306
0.32266	0.21731	0.22935	0.23123	0.23199	0.23241	0.23267
0.32371	0.21698	0.22897	0.23084	0.23161	0.23202	0.23228
0.32475	0.21665	0.2286	0.23046	0.23122	0.23164	0.23189
0.3258	0.21633	0.22823	0.23008	0.23084	0.23125	0.23151
0.32684	0.216	0.22785	0.22971	0.23046	0.23087	0.23113
0.32788	0.21567	0.22748	0.22933	0.23009	0.23049	0.23075
0.32893	0.21535	0.22712	0.22896	0.22971	0.23012	0.23037
0.32997	0.21503	0.22675	0.22859	0.22934	0.22974	0.23
0.33102	0.21471	0.22639	0.22822	0.22896	0.22937	0.22962
0.33206	0.21439	0.22602	0.22785	0.22859	0.229	0.22925
0.33311	0.21407	0.22566	0.22748	0.22823	0.22863	0.22888
0.33415	0.21376	0.2253	0.22712	0.22786	0.22826	0.22851
0.33519	0.21344	0.22495	0.22676	0.22749	0.22789	0.22815
0.33624	0.21313	0.22459	0.22639	0.22713	0.22753	0.22778
0.33728	0.21282	0.22424	0.22604	0.22677	0.22717	0.22742
0.33833	0.21251	0.22388	0.22568	0.22641	0.22681	0.22706
0.33937	0.2122	0.22353	0.22532	0.22605	0.22645	0.2267
0.34041	0.21189	0.22318	0.22497	0.2257	0.22609	0.22634
0.34146	0.21158	0.22284	0.22461	0.22534	0.22573	0.22598
0.3425	0.21128	0.22249	0.22426	0.22499	0.22538	0.22563
0.34355	0.21097	0.22215	0.22391	0.22464	0.22503	0.22527
0.34459	0.21067	0.2218	0.22357	0.22429	0.22468	0.22492
0.34564	0.21037	0.22146	0.22322	0.22394	0.22433	0.22457
0.34668	0.21007	0.22112	0.22288	0.22359	0.22398	0.22423
0.34772	0.20977	0.22079	0.22253	0.22325	0.22364	0.22388
0.34877	0.20947	0.22045	0.22219	0.2229	0.22329	0.22353
0.34981	0.20918	0.22012	0.22185	0.22256	0.22295	0.22319
0.35086	0.20888	0.21978	0.22151	0.22222	0.22261	0.22285
0.3519	0.20859	0.21945	0.22118	0.22188	0.22227	0.22251
0.35295	0.2083	0.21912	0.22084	0.22155	0.22193	0.22217
0.35399	0.20801	0.21879	0.22051	0.22121	0.22159	0.22183
0.35503	0.20772	0.21846	0.22018	0.22088	0.22126	0.2215
0.35608	0.20743	0.21814	0.21985	0.22054	0.22092	0.22116
0.35712	0.20714	0.21781	0.21952	0.22021	0.22059	0.22083
0.35817	0.20686	0.21749	0.21919	0.21988	0.22026	0.2205
0.35921	0.20657	0.21717	0.21886	0.21956	0.21993	0.22017
0.36026	0.20629	0.21685	0.21854	0.21923	0.2196	0.21984
0.3613	0.206	0.21653	0.21822	0.2189	0.21928	0.21951
0.36234	0.20572	0.21621	0.21789	0.21858	0.21895	0.21919
0.36339	0.20544	0.2159	0.21757	0.21826	0.21863	0.21886
0.36443	0.20516	0.21558	0.21725	0.21794	0.21831	0.21854
0.36548	0.20489	0.21527	0.21694	0.21762	0.21799	0.21822
0.36652	0.20461	0.21496	0.21662	0.2173	0.21767	0.2179
0.36756	0.20433	0.21465	0.2163	0.21698	0.21735	0.21758
0.36861	0.20406	0.21434	0.21599	0.21667	0.21703	0.21727
0.36965	0.20379	0.21403	0.21568	0.21635	0.21672	0.21695
0.3707	0.20351	0.21373	0.21537	0.21604	0.21641	0.21664
0.37174	0.20324	0.21342	0.21506	0.21573	0.21609	0.21632
0.37279	0.20297	0.21312	0.21475	0.21542	0.21578	0.21601
0.37383	0.2027	0.21282	0.21444	0.21511	0.21547	0.2157
0.37487	0.20244	0.21251	0.21414	0.2148	0.21517	0.21539
0.37592	0.20217	0.21221	0.21383	0.2145	0.21486	0.21509
0.37696	0.2019	0.21192	0.21353	0.21419	0.21455	0.21478
0.37801	0.20164	0.21162	0.21323	0.21389	0.21425	0.21447
0.37905	0.20137	0.21132	0.21293	0.21359	0.21395	0.21417
0.3801	0.20111	0.21103	0.21263	0.21329	0.21364	0.21387
0.38114	0.20085	0.21073	0.21233	0.21299	0.21334	0.21357
0.38218	0.20059	0.21044	0.21204	0.21269	0.21304	0.21327
0.38323	0.20033	0.21015	0.21174	0.21239	0.21275	0.21297
0.38427	0.20007	0.20986	0.21145	0.2121	0.21245	0.21267
0.38532	0.19981	0.20957	0.21115	0.2118	0.21215	0.21238
0.38636	0.19956	0.20928	0.21086	0.21151	0.21186	0.21208
0.3874	0.1993	0.209	0.21057	0.21122	0.21157	0.21179
0.38845	0.19905	0.20871	0.21028	0.21092	0.21127	0.21149
0.38949	0.19879	0.20843	0.20999	0.21063	0.21098	0.2112
0.39054	0.19854	0.20815	0.20971	0.21035	0.21069	0.21091
0.39158	0.19829	0.20786	0.20942	0.21006	0.21041	0.21062
0.39263	0.19804	0.20758	0.20914	0.20977	0.21012	0.21034
0.39367	0.19779	0.2073	0.20885	0.20949	0.20983	0.21005
0.39471	0.19754	0.20703	0.20857	0.2092	0.20955	0.20976
0.39576	0.19729	0.20675	0.20829	0.20892	0.20926	0.20948
0.3968	0.19705	0.20647	0.20801	0.20864	0.20898	0.2092
0.39785	0.1968	0.2062	0.20773	0.20836	0.2087	0.20892
0.39889	0.19655	0.20592	0.20745	0.20808	0.20842	0.20863
0.39994	0.19631	0.20565	0.20717	0.2078	0.20814	0.20835
0.40098	0.19607	0.20538	0.2069	0.20752	0.20786	0.20808
0.40202	0.19583	0.20511	0.20662	0.20725	0.20759	0.2078
0.40307	0.19558	0.20484	0.20635	0.20697	0.20731	0.20752
0.40411	0.19534	0.20457	0.20608	0.2067	0.20704	0.20725
0.40516	0.1951	0.2043	0.20581	0.20643	0.20676	0.20697
0.4062	0.19487	0.20404	0.20554	0.20615	0.20649	0.2067
0.40724	0.19463	0.20377	0.20527	0.20588	0.20622	0.20643
0.40829	0.19439	0.20351	0.205	0.20561	0.20595	0.20616
0.40933	0.19415	0.20324	0.20473	0.20534	0.20568	0.20589
0.41038	0.19392	0.20298	0.20447	0.20508	0.20541	0.20562
0.41142	0.19368	0.20272	0.2042	0.20481	0.20514	0.20535
0.41247	0.19345	0.20246	0.20394	0.20454	0.20488	0.20508
0.41351	0.19322	0.2022	0.20367	0.20428	0.20461	0.20482
0.41455	0.19299	0.20194	0.20341	0.20402	0.20435	0.20455
0.4156	0.19276	0.20169	0.20315	0.20375	0.20408	0.20429
0.41664	0.19253	0.20143	0.20289	0.20349	0.20382	0.20403
0.41769	0.1923	0.20117	0.20263	0.20323	0.20356	0.20377
0.41873	0.19207	0.20092	0.20238	0.20297	0.2033	0.2035
0.41978	0.19184	0.20067	0.20212	0.20271	0.20304	0.20324
0.42082	0.19161	0.20041	0.20186	0.20246	0.20278	0.20299
0.42186	0.19139	0.20016	0.20161	0.2022	0.20252	0.20273
0.42291	0.19116	0.19991	0.20135	0.20195	0.20227	0.20247
0.42395	0.19094	0.19966	0.2011	0.20169	0.20201	0.20222
0.425	0.19071	0.19941	0.20085	0.20144	0.20176	0.20196
0.42604	0.19049	0.19917	0.2006	0.20118	0.20151	0.20171
0.42708	0.19027	0.19892	0.20035	0.20093	0.20125	0.20145
0.42813	0.19005	0.19867	0.2001	0.20068	0.201	0.2012
0.42917	0.18983	0.19843	0.19985	0.20043	0.20075	0.20095
0.43022	0.18961	0.19818	0.1996	0.20018	0.2005	0.2007
0.43126	0.18939	0.19794	0.19935	0.19994	0.20025	0.20045
0.43231	0.18917	0.1977	0.19911	0.19969	0.2	0.2002
0.43335	0.18895	0.19746	0.19886	0.19944	0.19976	0.19996
0.43439	0.18874	0.19722	0.19862	0.1992	0.19951	0.19971
0.43544	0.18852	0.19698	0.19838	0.19895	0.19927	0.19946
0.43648	0.18831	0.19674	0.19813	0.19871	0.19902	0.19922
0.43753	0.18809	0.1965	0.19789	0.19847	0.19878	0.19898
0.43857	0.18788	0.19626	0.19765	0.19822	0.19854	0.19873
0.43962	0.18766	0.19603	0.19741	0.19798	0.19829	0.19849
0.44066	0.18745	0.19579	0.19717	0.19774	0.19805	0.19825
0.4417	0.18724	0.19556	0.19694	0.1975	0.19781	0.19801
0.44275	0.18703	0.19532	0.1967	0.19727	0.19758	0.19777
0.44379	0.18682	0.19509	0.19646	0.19703	0.19734	0.19753
0.44484	0.18661	0.19486	0.19623	0.19679	0.1971	0.19729
0.44588	0.1864	0.19463	0.19599	0.19656	0.19686	0.19706
0.44693	0.18619	0.1944	0.19576	0.19632	0.19663	0.19682
0.44797	0.18599	0.19417	0.19553	0.19609	0.19639	0.19659
0.44901	0.18578	0.19394	0.1953	0.19585	0.19616	0.19635
0.45006	0.18557	0.19371	0.19507	0.19562	0.19593	0.19612
0.4511	0.18537	0.19348	0.19483	0.19539	0.19569	0.19589
0.45215	0.18516	0.19326	0.19461	0.19516	0.19546	0.19565
0.45319	0.18496	0.19303	0.19438	0.19493	0.19523	0.19542
0.45423	0.18476	0.19281	0.19415	0.1947	0.195	0.19519
0.45528	0.18455	0.19258	0.19392	0.19447	0.19477	0.19496
0.45632	0.18435	0.19236	0.1937	0.19425	0.19455	0.19473
0.45737	0.18415	0.19214	0.19347	0.19402	0.19432	0.19451
0.45841	0.18395	0.19192	0.19325	0.19379	0.19409	0.19428
0.45946	0.18375	0.1917	0.19302	0.19357	0.19387	0.19405
0.4605	0.18355	0.19148	0.1928	0.19334	0.19364	0.19383
0.46154	0.18335	0.19126	0.19258	0.19312	0.19342	0.1936
0.46259	0.18316	0.19104	0.19235	0.1929	0.19319	0.19338
0.46363	0.18296	0.19082	0.19213	0.19268	0.19297	0.19316
0.46468	0.18276	0.1906	0.19191	0.19245	0.19275	0.19293
0.46572	0.18257	0.19039	0.19169	0.19223	0.19253	0.19271
0.46677	0.18237	0.19017	0.19148	0.19201	0.19231	0.19249
0.46781	0.18218	0.18996	0.19126	0.19179	0.19209	0.19227
0.46885	0.18198	0.18974	0.19104	0.19158	0.19187	0.19205
0.4699	0.18179	0.18953	0.19082	0.19136	0.19165	0.19183
0.47094	0.1816	0.18932	0.19061	0.19114	0.19143	0.19162
0.47199	0.1814	0.1891	0.19039	0.19093	0.19122	0.1914
0.47303	0.18121	0.18889	0.19018	0.19071	0.191	0.19118
0.47407	0.18102	0.18868	0.18997	0.1905	0.19078	0.19097
0.47512	0.18083	0.18847	0.18975	0.19028	0.19057	0.19075
0.47616	0.18064	0.18826	0.18954	0.19007	0.19036	0.19054
0.47721	0.18045	0.18805	0.18933	0.18986	0.19014	0.19032
0.47825	0.18026	0.18785	0.18912	0.18964	0.18993	0.19011
0.4793	0.18008	0.18764	0.18891	0.18943	0.18972	0.1899
0.48034	0.17989	0.18743	0.1887	0.18922	0.18951	0.18969
0.48138	0.1797	0.18723	0.18849	0.18901	0.1893	0.18948
0.48243	0.17951	0.18702	0.18828	0.1888	0.18909	0.18927
0.48347	0.17933	0.18682	0.18808	0.1886	0.18888	0.18906
0.48452	0.17914	0.18661	0.18787	0.18839	0.18867	0.18885
0.48556	0.17896	0.18641	0.18766	0.18818	0.18846	0.18864
0.48661	0.17878	0.18621	0.18746	0.18798	0.18826	0.18843
0.48765	0.17859	0.18601	0.18725	0.18777	0.18805	0.18823
0.48869	0.17841	0.18581	0.18705	0.18756	0.18785	0.18802
0.48974	0.17823	0.1856	0.18685	0.18736	0.18764	0.18782
0.49078	0.17805	0.18541	0.18665	0.18716	0.18744	0.18761
0.49183	0.17786	0.18521	0.18644	0.18695	0.18723	0.18741
0.49287	0.17768	0.18501	0.18624	0.18675	0.18703	0.18721
0.49391	0.1775	0.18481	0.18604	0.18655	0.18683	0.187
0.49496	0.17732	0.18461	0.18584	0.18635	0.18663	0.1868
0.496	0.17715	0.18442	0.18564	0.18615	0.18643	0.1866
0.49705	0.17697	0.18422	0.18544	0.18595	0.18623	0.1864
0.49809	0.17679	0.18402	0.18525	0.18575	0.18603	0.1862
0.49914	0.17661	0.18383	0.18505	0.18555	0.18583	0.186
0.50018	0.17644	0.18364	0.18485	0.18535	0.18563	0.1858
0.50122	0.17626	0.18344	0.18466	0.18516	0.18543	0.1856
0.50227	0.17608	0.18325	0.18446	0.18496	0.18523	0.18541
0.50331	0.17591	0.18306	0.18427	0.18476	0.18504	0.18521
0.50436	0.17573	0.18286	0.18407	0.18457	0.18484	0.18501
0.5054	0.17556	0.18267	0.18388	0.18437	0.18465	0.18482
0.50645	0.17539	0.18248	0.18368	0.18418	0.18445	0.18462
0.50749	0.17521	0.18229	0.18349	0.18399	0.18426	0.18443
0.50853	0.17504	0.1821	0.1833	0.18379	0.18406	0.18423
0.50958	0.17487	0.18192	0.18311	0.1836	0.18387	0.18404
0.51062	0.1747	0.18173	0.18292	0.18341	0.18368	0.18385
0.51167	0.17453	0.18154	0.18273	0.18322	0.18349	0.18366
0.51271	0.17436	0.18135	0.18254	0.18303	0.1833	0.18347
0.51376	0.17418	0.18117	0.18235	0.18284	0.18311	0.18327
0.5148	0.17402	0.18098	0.18216	0.18265	0.18292	0.18308
0.51584	0.17385	0.1808	0.18197	0.18246	0.18273	0.18289
0.51689	0.17368	0.18061	0.18179	0.18227	0.18254	0.18271
0.51793	0.17351	0.18043	0.1816	0.18209	0.18235	0.18252
0.51898	0.17334	0.18024	0.18141	0.1819	0.18216	0.18233
0.52002	0.17318	0.18006	0.18123	0.18171	0.18198	0.18214
0.52106	0.17301	0.17988	0.18104	0.18153	0.18179	0.18196
0.52211	0.17284	0.1797	0.18086	0.18134	0.1816	0.18177
